   2.0000000e+00   1.9043392e+00   1.7287992e+00   1.3247818e-01  -8.9194570e-02  -4.9662590e-01   1.2390474e+00  -1.1476149e-01   7.6334191e-02  -4.8318753e-01   1.1244135e-01
   2.0000000e+00   9.6137456e-01   1.2890868e+00   9.4449915e-01   4.9158215e-01  -9.3473942e-01  -1.3587993e+00   3.1871075e-01   1.6447145e+00   2.0020448e-01  -1.3245587e+00
   1.0000000e+00   2.8549975e-01   7.1086316e-02   8.6352986e-01   6.6144967e-01   5.5365832e-01  -3.2204619e-01  -2.4305203e-01  -1.0866801e+00  -1.2402418e+00   1.3700137e+00
   2.0000000e+00  -1.0163122e+00   1.1484673e+00  -6.1985829e-01  -2.2399796e-01  -1.4552131e+00   1.1500929e+00   6.7018259e-01   1.6398034e-01  -1.9349621e+00   4.6242126e-01
   2.0000000e+00   6.5481942e-01   3.1597138e-01  -7.5405588e-01  -9.3744348e-01  -1.1527977e-01  -1.1463685e+00  -9.3186629e-01   1.2397109e-01  -1.3063381e+00   9.3755811e-01
   2.0000000e+00  -3.1539296e+00   5.1923237e-01   7.7124898e-01  -6.9925418e-01   6.6422626e-01  -6.9579759e-01   6.7439804e-01  -5.7781399e-01   8.4029745e-01  -9.8946395e-01
   2.0000000e+00  -2.1557342e+00  -4.0682036e-01   3.6383027e-01  -7.4944504e-01   2.3303853e+00   9.2834358e-01  -5.4746246e-01  -5.8394323e-01   1.0290975e+00  -1.6957507e+00
   2.0000000e+00   1.4058385e+00  -5.6217372e-01  -3.9323856e-01  -1.2214540e+00  -6.7219222e-01  -3.3996603e-01  -2.1802595e-01  -3.5737160e-01   1.3798490e-01   7.1432652e-01
   2.0000000e+00   9.3150959e-01  -2.1394087e+00  -7.1087342e-01  -2.8584996e-01  -2.2423814e-01   6.9541974e-02  -1.2344246e+00  -5.0944293e-01   9.4368709e-01   5.9962211e-02
   2.0000000e+00  -1.1385294e+00   1.0099645e+00  -2.0074362e+00   1.0631706e+00  -1.6385158e+00   1.8884528e+00   5.4953857e-01   1.0991969e+00   3.9206694e-01   7.3688615e-01
   2.0000000e+00   4.4843899e-02   4.4806588e-01  -6.1917998e-01  -2.5394040e-01  -9.5298147e-01  -5.4598061e-01  -5.2683057e-01   2.3907432e-01   1.7034049e+00  -4.3594672e-01
   1.0000000e+00  -8.5963823e-01   1.5706562e+00   1.6468470e-01   1.9031219e-01   4.8548586e-01   4.3255438e-01   3.3260231e-01  -1.0927101e+00   2.2693410e+00  -1.0475679e+00
   2.0000000e+00   1.1735308e+00   1.3992010e+00   3.6310864e+00   1.0930046e-01  -4.6225209e-01   1.4307185e+00  -7.4751273e-01  -8.9365713e-01  -7.6361225e-01  -2.1395543e+00
   1.0000000e+00  -1.0713982e-01   7.5717230e-01   9.2811497e-01   1.8417870e-01  -4.6278253e-01   5.0067884e-01  -1.5272854e+00  -6.4161064e-01   4.6777282e-01   4.3425541e-01
   2.0000000e+00  -3.9755593e-01  -1.1520839e+00  -9.5216107e-01  -2.8245477e-01   1.4935845e+00   4.5167036e-01  -2.1280875e-01  -1.7649115e-01   1.2855400e+00  -5.7113806e-01
   2.0000000e+00   4.0550916e-01   9.7768615e-01   1.9876333e-01  -5.9035972e-02   6.7561555e-01  -2.1277390e+00  -9.1295389e-01   4.6157205e-01  -5.2205221e-01   1.2809773e+00
   2.0000000e+00  -6.9695818e-01   9.4673083e-01   6.4037279e-01   1.2926446e+00   7.2344606e-01  -3.8532113e-01   5.6183332e-02   7.6850288e-01  -3.0901060e-01   2.3025155e-01
   2.0000000e+00   2.6543535e-01   4.2879378e-01  -1.1406347e+00   1.1651101e+00   9.4934324e-01  -1.0552840e+00  -1.2842455e+00  -1.4982624e-01   3.4254116e-01  -3.8638214e-01
   2.0000000e+00   1.8004236e-01   2.1056526e-02   3.6428194e-01   2.4002839e+00  -1.4683087e+00  -9.6911540e-01   1.4698300e+00   1.1743267e-01   3.6462118e-01   1.0886080e+00
   2.0000000e+00  -4.5039795e-01  -1.7796222e+00  -2.6167278e-01  -2.0704472e+00   8.9454514e-01   9.8024415e-02  -2.0104924e+00  -8.5017078e-01  -6.8617242e-01  -3.7785641e-01
   1.0000000e+00  -5.0781975e-01   5.5444462e-01   1.4321191e+00   2.1173322e-01   9.7879117e-01  -7.9472785e-01  -1.2949604e-01   1.7406222e+00  -1.0266786e+00  -2.3051200e-01
   2.0000000e+00  -5.1824333e-01  -5.5066001e-01   6.7813147e-01  -9.0786967e-01   1.1173019e-01   7.1147627e-02  -2.1169304e+00   2.9981500e-01   1.8417903e+00  -4.7936576e-01
   2.0000000e+00   7.6266582e-01   9.6796654e-01  -2.1280193e-01  -1.3666150e+00  -7.9605768e-01  -6.1292879e-01  -8.8046731e-02   3.1600069e-01  -6.8816616e-01   3.0320820e-02
   2.0000000e+00  -2.0533774e-01  -1.0743703e+00   1.1584417e+00  -5.9344997e-01  -2.1676246e+00   7.4270714e-01   4.4097342e-01  -1.4015312e+00  -1.3208628e+00   3.9097408e-01
   2.0000000e+00  -4.6947165e-01   1.4527390e+00  -5.6194362e-01  -1.1165298e+00  -2.0089712e-01  -2.0035278e+00  -1.0338174e+00  -1.3943895e+00  -8.0942179e-01   9.4278056e-01
   2.0000000e+00  -7.6179835e-02  -9.4964649e-01   9.4589026e-01  -1.6431444e+00   4.3798487e-01   1.4411710e-01  -7.2549987e-01  -2.7395151e-01  -4.7146086e-01   6.1228773e-01
   2.0000000e+00   3.6162152e-01   4.8728070e-01   3.8548551e-01  -9.1542148e-01  -8.8434510e-01  -1.7217852e+00   1.1471621e+00  -1.3991720e+00  -8.8827875e-01  -5.0944288e-01
   1.0000000e+00   1.4132793e-01   1.3892245e+00  -2.8367156e-01   6.9463750e-01   5.0560060e-02   1.9639107e+00  -9.2862358e-01  -1.0608517e+00  -9.9570538e-01  -1.0200902e+00
   2.0000000e+00   1.4810649e+00  -9.1202165e-01   3.6460517e-01   8.4687079e-01  -2.3303063e-01   3.3454230e-01  -8.2258656e-02  -1.6371051e-01   1.1925407e+00   6.5342732e-01
   2.0000000e+00   7.2006340e-01   9.8647713e-01  -4.1757931e-01  -7.6418074e-01  -1.9365769e+00  -2.5123917e-02   4.8313730e-01  -2.5509602e-01   4.1783777e-01  -9.0366849e-01
   2.0000000e+00   1.1033767e+00  -8.8864420e-02  -8.2482362e-01  -2.4023990e+00  -9.0759740e-01   8.8604607e-01   1.8147978e+00  -9.5861128e-01  -5.3486519e-01   1.9723994e+00
   2.0000000e+00  -1.5628748e+00   1.4900117e+00  -8.8100331e-01   1.8029855e-01  -8.2876530e-02   1.0968132e+00  -1.1159691e+00  -3.3644230e-01   4.7106563e-01   6.5255163e-01
   2.0000000e+00  -8.7440875e-01  -7.4411564e-01   1.1118930e+00  -2.2836413e-01  -9.1307068e-01  -8.5437821e-01   4.5522885e-01  -1.0579740e+00  -2.1253190e-01   9.4746782e-01
   2.0000000e+00  -3.1494497e+00  -1.2110868e+00   6.5217776e-01   1.2432404e-01  -1.1791060e+00   6.2591112e-01  -1.7910924e+00   5.2659194e-01   6.2967568e-02   1.0445719e-01
   2.0000000e+00   1.0680783e+00  -3.3210103e-02   5.6876050e-01   9.9947702e-02   1.0795101e+00   2.8880873e-01   1.4899585e+00  -1.0601583e+00  -4.7483731e-01   8.0933266e-01
   2.0000000e+00   5.4546949e-01   4.6265313e-01  -1.5211718e+00  -5.6744132e-02  -2.1857868e-01  -1.0527794e+00  -4.2982315e-02  -6.0666142e-01   7.2687163e-01   1.4547787e+00
   2.0000000e+00  -6.6244198e-01   5.8724947e-01   1.0034796e+00  -1.3127491e+00  -7.4544898e-01  -4.2229776e-01  -1.2515514e+00  -1.2429536e-02   1.3965615e+00  -4.3252682e-02
   2.0000000e+00   2.0428952e-01   4.5180148e-01  -4.0409007e-01  -1.1879857e+00   1.2458054e+00   5.0697138e-01  -2.3983835e+00  -3.8331939e-01   2.2623651e-01   1.2035324e+00
   2.0000000e+00  -1.3279305e+00  -1.4672796e+00   1.1828329e+00   2.4882463e-01  -3.4406445e-01  -6.5181303e-01  -5.9137685e-01  -1.0749889e-01   1.0905338e+00  -8.6656528e-01
   2.0000000e+00   4.8327392e-01   2.2015862e+00   1.6572319e+00  -1.6884916e+00   3.1503933e+00  -5.7697975e-01  -1.4972921e+00  -7.8546354e-01  -9.8364783e-01   9.6555735e-02
   2.0000000e+00  -1.7482263e-01   4.5931039e-01   3.5274604e-01   1.3343581e+00  -7.9048119e-02  -1.1407710e-01  -1.7051090e-01   3.5743272e-01   2.5309244e+00   1.0766591e+00
   2.0000000e+00  -9.7319363e-02  -1.0084921e+00  -3.8592304e-01  -3.4583156e-01   1.8937173e+00   1.5651931e-01   2.2206529e-01  -1.3071110e+00  -3.3776968e-01   5.7955335e-01
   1.0000000e+00  -3.5843373e-01   4.7120700e-01  -1.2186463e+00   7.6889795e-01  -8.2725171e-01  -1.1510300e+00  -8.8940488e-01  -8.6374038e-01  -1.0600798e+00   1.4480896e+00
   2.0000000e+00  -5.5286756e-01  -7.5482755e-02   7.0995164e-01  -1.4288757e-01  -2.5871619e-01  -1.8502526e+00   4.4908935e-01   5.8661099e-01   1.3017658e+00   9.3516942e-01
   2.0000000e+00  -5.2843166e-01  -2.2958850e+00  -2.5779434e+00  -2.2152661e+00  -5.2967020e-01  -1.7985407e+00  -8.0766330e-03   6.7073223e-01  -2.3493971e+00   1.3705680e-01
   1.0000000e+00  -1.2716984e-01  -1.2264570e+00   7.3233961e-01   6.3904355e-01   9.9647542e-01  -2.1867192e+00   1.2746740e+00  -1.5998535e-01   6.5674062e-01   9.8854963e-02
   2.0000000e+00  -1.0760859e+00   6.1576871e-01  -1.5227261e+00  -3.9105776e-02   1.5069816e+00   9.8544786e-02   1.0696077e+00  -1.1743949e+00  -4.6184143e-01   2.0247813e-01
   2.0000000e+00   4.3677529e-01   1.6349306e+00  -1.7970722e+00   1.3290722e+00   2.6120381e-01  -4.8294998e-01  -8.4803470e-01  -2.8688051e+00  -3.4008630e-01   1.7232715e+00
   2.0000000e+00  -9.1572960e-01   1.3775095e+00   2.0660904e-01   4.1062731e-01   1.4586310e+00  -4.9435963e-01  -5.8612244e-01  -6.5746594e-01   8.4635677e-01   5.6574480e-01
   2.0000000e+00  -9.1595915e-01   9.1817491e-02   2.3641147e+00   9.1788956e-01  -4.9266332e-01  -4.5149076e-01   1.8292068e-01  -7.3891645e-01   5.5219006e-02   6.6283849e-01
   2.0000000e+00   9.5439594e-01   1.5237851e+00  -1.9581429e-01  -4.9454651e-01   2.3180065e+00  -1.1508556e+00  -2.3623190e-01   1.5618479e+00  -1.2132318e+00  -9.7446972e-01
   2.0000000e+00  -4.5429296e-01  -9.5748888e-01  -6.2086978e-02   1.1249184e+00  -7.6835513e-01   2.2849454e-02   2.5011570e-01  -2.6067409e+00  -1.0831874e+00  -2.0294980e+00
   1.0000000e+00   3.7016095e-01   1.1437942e+00  -7.1814431e-01   4.2969959e-01  -2.7220166e+00   6.7699341e-01   3.4615029e-01   9.2711849e-01   1.0420889e+00   7.3852739e-01
   2.0000000e+00   1.0564406e+00   1.1735436e+00  -2.0987671e-01   5.8994400e-01   1.6782424e+00   5.7622906e-02  -3.0028051e-01   3.8736260e-01   1.5438493e-01  -9.7711372e-02
   2.0000000e+00   7.7116409e-01  -1.6304763e+00   1.4881129e+00  -9.8197226e-01  -2.0095178e-01   2.3443528e+00  -6.5983041e-01   3.7103139e-01   2.8115458e-01  -1.2504609e+00
   1.0000000e+00   5.7017915e-01   3.5470397e-01  -4.7581436e-02   4.1813333e-02   2.4650730e-01  -1.7159222e+00  -4.8351801e-01  -1.2224773e-01   3.9089090e-01  -5.8701423e-02
   2.0000000e+00   1.1184197e+00   4.7045566e-01   1.5835538e+00   4.6850209e-01   1.0592038e+00   5.0803541e-01   3.0933342e-01   1.3560143e+00  -1.6581707e+00  -4.8704523e-01
   2.0000000e+00  -3.6235535e-01   6.3793125e-01  -7.1288146e-01  -4.8669722e-01  -1.8117045e+00  -3.0251393e-01  -6.2262462e-01   2.9579212e-01  -5.3533275e-01   1.3515184e+00
   1.0000000e+00   3.7701975e-01   2.2184584e-01   1.7646575e+00   1.6613710e-01  -4.4801342e-01  -2.1480613e+00   1.2465946e+00   9.9071393e-01  -2.5140968e-01   4.9180401e-01
   2.0000000e+00   1.0286793e+00   4.3018656e-01  -1.1032518e-01  -5.8627154e-01   3.8406983e-01   1.3896018e+00  -7.4619903e-01  -3.2039450e-01   5.2351679e-01   6.3856751e-01
   2.0000000e+00   7.8989162e-01  -5.8825336e-01   1.3766016e+00  -5.4120631e-01   1.3643326e+00   8.0699797e-01  -8.9431873e-01  -1.5909051e+00  -4.7229181e-01  -4.6180634e-01
   2.0000000e+00   1.7528355e-01  -2.8973153e-01   1.0394613e-01  -8.3054496e-01  -7.4895108e-01  -1.7176512e+00   4.3829957e-01   1.2434017e+00  -7.8294389e-01   2.5869894e-01
   2.0000000e+00  -9.5991668e-01  -2.2677550e-01   6.0085281e-01  -1.0214137e+00   6.1459226e-01   1.5093015e+00   6.0343043e-01  -1.6726526e-01  -5.1542182e-01   1.2238868e+00
   2.0000000e+00   1.2785571e+00  -7.0189845e-01  -1.2727285e+00  -6.3426639e-01   7.1668806e-01  -1.4437578e+00  -6.6191727e-01   1.4391341e+00  -7.2836408e-01  -9.1257560e-01
   2.0000000e+00   1.2460504e+00   3.4482165e-01   1.5693427e+00  -1.5731621e-01   7.8837428e-01  -1.4019785e+00   9.9186037e-02  -1.6740187e-01  -3.4433525e-01   1.0376829e+00
   2.0000000e+00   2.9276714e-01   1.5810917e+00   1.3633822e+00   1.1735073e+00   2.9120654e-01   1.7525584e+00  -6.1350834e-01  -7.4321754e-01   2.7519048e-01   8.1665258e-01
   2.0000000e+00  -4.1188497e-01   1.9914211e-01   3.7787711e-01  -2.6437380e-01   9.5304577e-02  -1.1341783e+00   6.6834372e-01   1.2630572e+00   5.6880621e-01   5.8031278e-01
   1.0000000e+00  -3.8648050e-01   2.3893681e+00  -1.8348997e+00   1.0271748e-01  -3.4517028e-01   3.4402386e-01   2.9767694e-01  -1.4371973e+00  -2.3523296e-01   1.1809178e+00
   2.0000000e+00  -1.1227869e+00   2.2400981e+00  -8.7314343e-02  -4.6375846e-01   5.4993418e-01  -7.0792869e-02   1.1223245e+00  -5.3222853e-01   5.7393557e-01  -1.0305704e+00
   2.0000000e+00  -2.7275525e+00  -5.3968413e-01  -9.7569007e-01  -1.3241448e+00  -7.0948049e-01  -4.1371809e-01   8.2317733e-01   3.5458507e-01  -1.8675974e+00   4.2626784e-01
   2.0000000e+00  -8.2441893e-01   4.1302832e-01  -5.6914781e-02  -1.2692654e+00   1.8450469e+00  -1.1916400e-01   1.2105458e+00   1.0190696e+00   1.4871315e+00  -7.8032378e-01
   2.0000000e+00  -1.1912501e-01  -9.2916281e-01   3.2374408e-01  -2.9174455e+00   1.7193250e+00  -1.1186632e+00  -7.2773993e-01  -3.1505505e-01  -1.1425168e+00  -6.3905149e-01
   2.0000000e+00   1.7255269e+00   2.2087703e-01  -7.3225409e-01  -1.7386717e-01   6.4441740e-01   3.8047227e-01  -7.0097394e-01   1.3410527e-01   1.4687190e-01   3.7210830e-02
   2.0000000e+00   1.3395273e+00  -1.7592520e-01  -8.3830930e-01   3.9394784e-01   7.1633648e-01   1.6296765e+00  -1.2082575e+00  -1.8176372e+00   5.3468277e-01  -4.8989710e-01
   2.0000000e+00   9.4535064e-01   4.5500493e-01   7.2501638e-01  -5.4550482e-01  -9.1101632e-01  -1.9943659e+00   3.2889923e-01   4.5411202e-01  -8.0527450e-02   7.6333690e-01
   2.0000000e+00   9.9189567e-02   1.3283238e+00   9.9129934e-02  -5.8045514e-01  -9.8880121e-01  -7.1612608e-01   2.8221114e-01  -1.7070837e+00  -3.8274473e-01   4.7539767e-02
   2.0000000e+00  -1.1242565e+00  -4.3979920e-01   4.2560262e-01   3.2068096e-01   2.1856052e+00   6.2305162e-01   1.3971094e+00   1.1155742e+00  -8.9122085e-01  -1.7913467e+00
   2.0000000e+00  -9.6005289e-01   2.9627245e-01   1.8673994e+00  -5.0182438e-02  -3.5391384e-02   1.0192614e+00   2.2059891e-01   1.5353153e-01   5.2378997e-02  -1.9857203e-01
   2.0000000e+00   5.1480704e-01   6.9704569e-01   4.2082658e-01   1.2362855e+00   9.7363084e-01  -1.5758388e-01  -8.4679958e-01   1.1964375e+00   1.3913795e+00   2.9453096e-01
   1.0000000e+00  -3.7235117e-01  -2.1432523e-01   3.0731999e-01   7.0295189e-01  -7.8412114e-01   7.9083814e-01  -5.2475895e-01   6.0763798e-02   1.0119892e+00  -4.7340120e-01
   2.0000000e+00   5.8937656e-01  -6.3236220e-02  -3.5935459e-01   8.1187735e-01   5.8421829e-01   6.0144061e-01   5.0084429e-01  -3.1532603e-01   9.8012849e-02   1.1867464e+00
   2.0000000e+00   1.1253299e+00   1.8424101e+00   5.5130473e-01  -4.7205310e-01   4.1256768e-01  -1.4343351e+00  -7.4846675e-01   1.5993712e+00  -6.7945288e-01   8.2667487e-02
   2.0000000e+00  -9.4393562e-01  -4.5929403e-01  -1.0164421e+00  -5.8491548e-01   1.4412367e+00   1.5554958e+00  -6.2983329e-01   1.1078355e+00   6.9986145e-01   9.0474414e-01
   2.0000000e+00  -2.4578109e-01   1.5415046e+00   2.1604476e-01   9.0075158e-01  -2.6240738e-01  -9.2150845e-01  -2.4896577e-01   8.3988433e-01  -1.1632304e+00  -8.7242012e-01
   2.0000000e+00   6.6013481e-01   1.3473326e+00  -1.2912869e+00   8.3130795e-01  -1.5973808e-01  -2.2007721e-01  -6.3653543e-01   3.1671842e-01   3.7402676e-01  -1.5820510e+00
   2.0000000e+00   1.6298857e+00   5.7747297e-01  -6.3785744e-01  -7.1727743e-01   1.5093272e+00   5.9621479e-01  -1.6704666e-01   1.0220487e+00  -3.0529699e-01  -2.4864837e-01
   2.0000000e+00   1.3429325e+00  -8.1322239e-01   1.9253915e+00  -5.1381960e-01   7.1821051e-02   1.1261408e+00  -1.2167628e+00   1.1217838e-01   3.3940453e-01   1.3465487e+00
   2.0000000e+00  -2.0341224e+00  -2.4007983e-01  -3.6958879e-01  -5.0470900e-01  -9.4110429e-02  -4.9257262e-01   9.6308030e-02  -1.0722304e+00  -7.6523808e-01  -4.3590009e-01
   2.0000000e+00   2.1687614e+00   5.4069388e-01   1.4054907e+00  -1.4359804e+00  -7.0794516e-01   1.0105938e+00  -9.1577868e-01  -7.2254225e-01   1.0168043e+00   3.9292918e-02
   2.0000000e+00  -2.2258463e-01   8.7439967e-01   3.6401425e-01  -1.0711508e-01  -1.5729343e-01  -7.1437949e-03  -6.8751747e-01  -4.5608919e-01  -6.4409454e-02   1.5277823e-01
   2.0000000e+00  -1.1169543e+00  -6.3302228e-01  -3.7838604e-01   8.1132077e-01  -1.6247083e+00  -1.4410627e-01  -8.2812854e-01  -5.9881855e-01  -6.5479659e-01  -3.0121564e-01
   2.0000000e+00  -1.1795541e+00   1.6075275e-01   3.0907489e-01  -2.8244345e-01  -4.0592884e-01   8.1240571e-01   9.4210730e-01   6.8721624e-01   2.8768762e-01   2.2983737e+00
   2.0000000e+00   2.1033950e+00   4.0684861e-01  -1.5879531e+00  -5.1258909e-01  -7.1025810e-01  -1.1169708e+00   1.7073962e+00   1.7330243e-01   1.0910861e-01   1.2495544e+00
   2.0000000e+00   2.6670661e-01  -3.6084542e-01  -1.1785214e+00  -3.6166014e-01   1.0416580e+00   1.4937248e+00   8.1136623e-01  -1.0499448e+00  -9.1301257e-01   9.5680813e-01
   2.0000000e+00  -5.4581638e-01  -5.1870675e-01  -1.2379433e+00  -2.3332193e-01  -2.7958042e-01   1.2069362e+00  -2.3320926e+00  -1.3346575e+00   9.1698531e-01   3.4101611e-01
   2.0000000e+00  -1.2460736e+00  -8.2279456e-01   5.7195297e-01   4.4374371e-01   1.8869323e-01   6.5326894e-01  -1.1994393e+00   6.7407109e-02   1.5488919e+00  -4.7575005e-01
   2.0000000e+00  -7.0505761e-01   3.9081465e-01   2.8738132e-01  -2.1837285e-01  -5.3634695e-01  -4.1478400e-01   1.2130460e-01  -5.6155999e-01   2.1353507e-01  -5.9632465e-01
   2.0000000e+00   1.3547876e+00   6.1320792e-01   5.1500584e-01  -1.4825197e+00  -2.1771210e-01  -3.9691070e-01   4.2268510e-01   5.6630228e-01   1.7217837e+00  -2.2324634e-01
   2.0000000e+00  -1.6804588e+00   2.6190642e+00   2.9044922e-01  -9.6471342e-01  -1.6018886e-01  -1.7242889e-01   1.0429927e+00   1.9530255e+00  -4.3238144e-01  -4.1807903e-01
   2.0000000e+00   3.5762723e+00   4.4956139e-01   1.4182176e-01   2.9197360e-01  -3.1051342e-01  -7.5525628e-01   1.1838061e+00   3.1800644e-01   8.9753693e-01  -5.2552869e-01
   1.0000000e+00  -4.5680035e-01  -6.2466496e-01   1.4354023e+00   6.6707655e-01  -2.6275094e+00  -6.4242660e-01  -6.5791401e-01   6.2544651e-02   9.1563251e-01  -2.0026219e+00
   2.0000000e+00   1.2409984e+00  -1.1591058e+00  -8.5448301e-01  -1.2443572e+00  -8.3863338e-01  -6.8990642e-01  -9.7663037e-01  -6.7824550e-01   3.1247842e-01   3.9313875e-01
   2.0000000e+00  -1.1335064e+00  -3.2956495e-01   8.5642107e-01  -1.0085101e-01  -3.3248386e-01   4.2077809e-01   7.0382331e-01  -1.5669219e+00   3.1790546e-01  -1.2801247e+00
   2.0000000e+00   9.9333762e-01   2.8743902e-01  -1.3885050e+00   4.2934593e-01   1.3913768e+00   3.8731044e-01   1.5950318e+00   1.3442563e-01   7.7365311e-01   1.1493723e+00
   2.0000000e+00   1.1987534e+00  -3.2610841e-01  -6.2163713e-01  -4.0152814e-01   6.4959706e-01  -5.4846737e-01  -8.1255521e-02  -7.2294656e-01  -1.8659603e+00   2.4758642e-01
   2.0000000e+00  -1.7254451e-01   4.4885761e-01  -1.0718670e+00  -9.5443301e-01   9.5748155e-01   1.0199889e+00   8.1521060e-02   1.4786468e-01   3.8505547e-01  -1.9054872e-01
   2.0000000e+00  -6.6925444e-01   1.0500775e+00   1.5904310e+00   1.1792328e+00  -1.1060248e+00  -2.2377027e-02   1.1819756e+00  -5.1322866e-01  -4.3609740e-01  -4.5251792e-01
   2.0000000e+00   1.5330574e+00  -1.0285228e+00  -7.0103075e-01  -1.9921184e+00  -1.6986173e-01   1.0560877e+00  -1.5874240e+00  -1.2367441e+00  -5.4810659e-01   1.9924903e+00
   2.0000000e+00  -5.7105097e-01  -4.7689521e-01  -1.2843011e+00   2.0266595e-01  -1.3465949e-01  -1.1767677e+00   1.3025236e+00   2.4140732e+00  -2.8964063e-01   8.0726558e-01
   2.0000000e+00  -2.5984048e+00  -2.4542649e-01  -7.7695064e-01   2.6639694e-01   4.9288588e-01  -1.7765290e+00   2.9550160e-01   1.9278250e-01  -2.0956998e-01   1.4543046e-01
   2.0000000e+00  -1.1539882e-01   9.9281384e-01   5.7295638e-01  -6.9988813e-01   1.0000095e+00   5.9877981e-01   2.0976914e-02   1.1018401e+00   8.3349547e-01   1.1088470e+00
   2.0000000e+00   1.0209285e+00   8.5048388e-02  -1.1619081e+00   1.8205876e-01  -1.2094564e+00  -6.8052892e-01   9.2611399e-01  -1.4314571e+00   7.7899880e-01   8.3949876e-01
   2.0000000e+00  -5.1251668e-01   1.1136623e-01  -1.8928967e+00  -1.0020011e+00   9.0488405e-01   4.0923979e-01  -1.5691652e+00  -1.4156132e+00   1.8286258e-01   5.7372184e-01
   1.0000000e+00  -8.7156818e-01   1.7007320e+00   2.0213530e+00   9.4476780e-02   3.2985319e-01   1.2619407e+00   7.7410992e-01  -7.0489715e-01   2.2533094e-01   1.2276377e+00
   2.0000000e+00  -1.4936789e+00   7.3953586e-02   1.7958233e+00   1.1291226e+00  -7.0808891e-01   6.0195848e-01   8.0266022e-01   8.3222042e-01  -1.9121386e-02  -8.2858363e-01
   2.0000000e+00  -3.9146368e-01  -2.4240180e-01   9.5231138e-01  -7.7153312e-01   7.0343506e-01  -3.5835816e-01  -2.4716314e+00   1.1341390e+00  -2.4774211e+00  -1.9952918e+00
   1.0000000e+00  -5.9737865e-01   4.8473820e-01  -8.9845960e-01   5.4956049e-02  -1.7150971e-01   1.5487128e+00   8.8639099e-01  -1.1092951e+00  -4.0056796e-01   8.4021988e-01
   2.0000000e+00  -2.5288357e+00  -7.6907343e-01  -3.2942023e-01   1.0766189e+00  -3.6604207e-01   4.0349106e-01  -1.9284324e+00   4.1423781e-01  -1.5197880e-01   2.0235562e+00
   1.0000000e+00  -4.4137079e-01  -3.5377619e-01  -1.4102275e+00   6.5728740e-01  -2.4584075e+00   1.8965472e+00  -3.1289535e-02  -1.2072619e+00  -1.4328187e+00  -1.0457884e+00
   2.0000000e+00   9.6995588e-01   5.8728798e-02   1.1014815e+00  -1.8641117e+00  -1.1846416e+00  -6.8298669e-01   1.6888830e+00   1.5487045e-01  -1.4338892e+00   6.4332295e-01
   2.0000000e+00  -1.3668355e+00   5.0975161e-02  -5.9238880e-01  -1.4562136e+00  -1.3859386e+00   1.1860884e+00   1.6479626e+00   1.8217782e+00   1.3330232e+00   1.3078910e+00
   2.0000000e+00   8.3748732e-01   3.1102804e-01  -1.4966928e+00   5.4469677e-01   2.7737592e-03  -1.2417408e-02  -1.9431412e+00   3.6234924e-01   5.0194099e-01   4.1179753e-01
   2.0000000e+00  -8.6585181e-01   5.1709757e-01   1.3053811e+00   1.2724878e+00   1.1646036e-01   1.0382827e+00  -1.5653918e+00   9.3680346e-01   8.0340967e-01   1.7821137e+00
   2.0000000e+00  -1.5881527e-01  -1.0765599e+00  -1.7320314e+00   1.3066879e+00   9.0940495e-01  -1.2488665e+00  -6.0680020e-01  -2.7138848e-01  -1.3616983e-01  -1.4940819e+00
   2.0000000e+00   3.0060629e-01   2.9947610e-01   5.8154660e-01  -1.0057695e+00  -2.1108442e-01  -6.1010310e-01   1.9943211e-01   1.0245964e+00  -3.1292613e-01  -3.1887078e-01
   2.0000000e+00  -9.1605399e-02   4.7518603e-01   1.7078557e+00  -1.4460704e-01  -9.7628417e-01   1.4159956e-02  -7.0207467e-01  -4.1555724e-01  -2.3563062e+00  -5.8949458e-01
   2.0000000e+00  -7.7287875e-01  -5.5429108e-01   1.6762348e-01   1.2739824e+00   5.3661426e-01  -1.1790035e+00   1.5300082e+00   1.0694829e+00   1.0734963e-01   6.3618058e-01
   2.0000000e+00   1.4419148e+00   9.6760648e-01  -8.9706325e-02  -5.2074129e-01   8.2708126e-01  -5.3992904e-01  -1.7551069e+00   9.9096535e-01  -9.9044752e-01   5.7439261e-01
   2.0000000e+00  -2.4434682e-01   3.8811505e-01  -6.1848245e-01  -2.6395706e-01  -1.5311676e+00   1.1289160e+00   8.1490913e-02   1.5155613e+00  -2.3358120e-01   3.9826624e-01
   2.0000000e+00  -3.7066838e-01   1.1157392e+00  -2.6757520e-01  -1.6528609e+00  -4.8219208e-01  -4.3917254e-02  -2.8108338e-01   5.5287794e-01   3.7292335e-01  -2.7360641e-01
   2.0000000e+00  -2.1748499e+00  -6.9113795e-01   7.0030802e-01   1.8858493e-01  -1.8144885e-01   1.4942284e+00  -2.3865379e-01   5.2917538e-01   6.7430628e-01   9.6462627e-01
   2.0000000e+00  -9.2664520e-01  -5.6128549e-01  -3.9248042e-01  -5.9603855e-01   1.1917808e+00   1.2617236e+00  -3.8266231e-01  -3.5513448e-01  -6.4131803e-03   1.6490172e+00
   2.0000000e+00  -1.6758256e-01  -2.3647361e-01  -7.0696491e-01  -5.9524207e-01   1.3018185e+00  -6.0138975e-01   2.8293611e-01   6.5226153e-01   5.4075858e-01  -4.5030414e-01
   2.0000000e+00  -1.0829429e+00   1.5256766e+00  -2.0677647e+00   3.1992288e-01  -9.2048769e-01   1.1328798e+00  -1.8077440e+00  -5.3331802e-01   9.0759430e-01  -4.3579478e-01
   1.0000000e+00  -7.0960240e-02   1.4093887e+00   1.0888382e+00   4.1525937e-01   5.1891094e-01   7.0065122e-01  -2.3580728e+00  -8.7209349e-01  -5.5801901e-02   3.0051248e-01
   2.0000000e+00   1.1471834e+00   1.5358693e+00  -1.0968235e+00  -1.6755255e+00   2.5975411e-01   4.4079989e-01  -3.7355294e-02   1.0370658e+00  -4.4853061e-02   1.4581494e+00
   2.0000000e+00  -3.1504329e-01   2.7483484e-01   6.4562196e-01   1.3882280e+00   7.5651921e-01  -7.7282017e-01   4.0923837e-01  -9.7178288e-01   1.2455490e+00   8.8502023e-01
   2.0000000e+00  -7.7022339e-01   1.1320290e+00  -7.3838861e-01  -1.1402926e+00   1.4898383e-01  -2.6432230e-01  -5.9231349e-01  -2.4249614e-01  -2.5690416e-01  -2.9123491e+00
   1.0000000e+00   4.6327445e-01  -2.9188458e-01   1.3689573e-01   7.5851984e-01  -2.3011715e+00   1.9198380e+00   1.1759260e+00   6.9381738e-01   9.4151580e-01   1.7075187e-01
   2.0000000e+00   5.0255413e-01   3.1679393e-01  -1.7155219e-01   2.3202521e+00   5.9068738e-01   7.1885023e-01   6.4530940e-01  -1.0806225e-02  -9.9553517e-01  -4.2382597e-01
   1.0000000e+00   4.6356506e-01  -6.3814050e-01  -6.7548381e-04   3.0934450e-01   2.3730403e-01  -1.1564563e+00  -1.0971391e-01  -4.6785724e-01   8.4529098e-01   6.5868933e-01
   2.0000000e+00   8.5528662e-01  -2.2448680e-01   3.2359753e-01   7.6815410e-01  -1.0642137e+00   2.3237103e+00   2.0489470e-01   2.4832357e-01   3.7289837e-01  -1.1728073e+00
   2.0000000e+00   2.1273028e+00  -1.8054185e+00  -1.2226592e+00  -4.4134594e-01  -3.8703980e-01   5.6910026e-01  -7.8440053e-01   3.4772852e-01   1.7427242e+00  -1.0572843e-01
   1.0000000e+00  -5.2344009e-01  -1.1247478e+00  -8.4675250e-02   6.7050853e-01   9.5558759e-01  -7.3211001e-01  -7.7417591e-01   9.8311923e-01   4.4148501e-01   6.1134478e-01
   2.0000000e+00  -1.6898868e+00   2.4136503e-01  -1.0369643e-01  -1.6455519e+00  -3.5355874e-01   3.0710459e-02   2.3614904e-01  -1.0667062e-01   1.1601687e+00  -4.0143484e-01
   2.0000000e+00  -1.6949176e+00  -2.4178487e-01  -1.7881704e-01  -1.1583499e+00  -1.6423408e+00   4.8695340e-01   3.9372405e-02  -5.2465687e-01   1.2978191e+00  -1.2856702e+00
   2.0000000e+00   1.8737756e-01   3.1198299e-01   1.4018545e+00   1.8902032e+00   1.1385476e+00   3.7010424e-01   7.9142950e-03   1.4968813e-01   3.5554816e-01  -6.1681599e-01
   2.0000000e+00  -1.2358880e+00   7.8295395e-01  -7.2917256e-01  -1.4606737e+00   5.0053280e-03  -2.6181094e-01  -2.3854433e-01  -5.4848575e-01  -3.4158682e-01  -4.1102894e-01
   2.0000000e+00   5.3418516e-01   4.6169200e-01   2.5818491e-01  -2.8713078e-01   1.3236175e+00  -1.0000554e+00   8.5088121e-03   2.5044375e-01   6.2478689e-01   2.1866429e+00
   1.0000000e+00  -5.7452328e-01   1.9802861e-01   4.3768122e-01   8.3859496e-02   5.5258852e-01   7.0721677e-02   1.0283971e+00   1.7516020e+00  -8.4181577e-01   4.4935797e-01
   2.0000000e+00  -5.2231616e-02  -8.0599078e-01  -7.2308901e-01  -1.5675226e+00  -4.1340494e-01   9.4289825e-01   2.8778074e-01   3.4630937e-01  -2.9320630e-02   1.7983456e+00
   2.0000000e+00   6.1869967e-03  -9.9894582e-01  -1.9684641e-01  -4.5883191e-01   5.1463917e-01   1.9259978e+00  -5.0496056e-02  -3.9680748e-01   1.4512656e+00   4.4218911e-01
   2.0000000e+00   1.2069481e+00  -6.6778081e-01  -8.3306531e-01   1.8621972e-01  -1.1046711e-01   5.7473090e-01   2.8910870e-01   9.7673832e-01  -8.6589474e-01  -6.6681409e-01
   2.0000000e+00  -2.2773031e+00  -1.3511791e+00  -1.5451503e+00   5.3488010e-01   9.5227968e-01   1.6261804e-01   2.7303281e-01   7.1160310e-01   9.9616406e-01  -2.5372432e-01
   2.0000000e+00  -2.2958470e-01  -1.3414349e+00   8.1687367e-01   1.6498625e+00  -1.3138631e+00  -1.4006177e+00  -4.7592005e-01  -3.0273104e-01   1.1777475e+00   1.0854412e+00
   2.0000000e+00  -7.6729616e-02  -9.6060452e-01  -2.3203093e-01  -1.6760210e+00   5.4416818e-01   3.7287172e-01   1.2095750e-01   2.4533795e-01  -1.7098180e-01  -1.8662077e+00
   2.0000000e+00  -1.6913476e+00  -3.7519455e-01  -1.3304191e+00  -5.7392395e-01  -7.3457686e-01   2.2106213e+00  -1.6635508e+00   4.9166382e-01   7.3640127e-01   1.4243426e+00
   1.0000000e+00  -4.4258867e-01   8.1689729e-01   1.4977820e+00   3.3518361e-01   2.3638693e+00   1.9998636e-03  -1.7223731e+00   1.3281583e+00   5.9363443e-01  -5.9755942e-01
   2.0000000e+00   1.5176633e+00   1.1209236e+00   1.8242637e+00  -3.5785740e-01   2.2438685e+00   1.6734319e-01   3.1321803e-01   8.6253753e-01   1.3626751e+00  -7.0442405e-01
   1.0000000e+00  -8.8728232e-02  -5.0113267e-01   6.9541880e-02   5.8088359e-01  -1.1297434e+00  -1.2014033e+00   2.0125432e-01  -4.4793133e-01  -5.5820232e-01   7.2714980e-01
   2.0000000e+00   1.2173802e+00  -2.3825509e+00  -2.5859161e+00  -7.4873419e-01  -1.1223563e+00  -9.3206827e-02   1.5497664e+00  -5.9794724e-01   2.0162464e-01  -6.2095871e-01
   2.0000000e+00  -4.8310713e-01  -1.4693407e+00  -1.3858966e+00  -1.8129037e+00  -8.0297406e-01  -8.7336684e-01   1.4113707e+00  -1.6122052e+00   1.2541573e+00  -1.8453978e-01
   1.0000000e+00   8.2694525e-01   3.7836578e-01  -5.5221184e-02   6.8938951e-02  -3.3018418e-01   4.6176648e-01   2.8208162e-01   1.2683916e+00   1.0311695e+00  -9.7846401e-01
   2.0000000e+00   9.7242690e-01   1.2834044e+00  -1.7016488e+00  -1.0038545e+00  -2.4151475e+00  -7.4341767e-01   1.7047245e-01   1.0560637e-02   2.3368056e-01   7.3363610e-01
   2.0000000e+00  -6.6740927e-01  -1.4054802e+00  -1.9470492e+00  -1.6285331e-01   1.2194247e+00   6.2214454e-01   1.6259114e+00   1.1100924e+00  -7.8691707e-01   5.3835579e-01
   1.0000000e+00  -1.8365165e-02  -3.1584062e-01   1.0388542e+00   8.2118780e-01  -4.5358948e-01   1.1071746e+00  -6.7168431e-01   4.3087841e-01  -1.9393152e+00   1.1408409e-01
   2.0000000e+00  -1.9015311e-01   2.4740564e+00   1.9057275e+00  -1.1721517e+00  -7.2357048e-01   6.0736235e-01   1.9609990e+00  -1.5866262e+00   1.3168934e+00   2.0050867e-01
   2.0000000e+00  -1.8957862e+00  -6.6932436e-01   9.7047123e-01   1.8726920e+00   6.8389327e-01   1.0651526e+00   1.2279166e+00   3.7361748e-02  -5.9862531e-01   1.2750927e+00
   1.0000000e+00  -2.6196939e-01  -4.8225938e-01  -9.7452021e-01   4.8798630e-01  -3.2056028e-01   1.3682639e-01  -2.0900073e+00  -2.1211168e-01  -2.0341843e+00  -5.2417142e-01
   2.0000000e+00   3.9634740e-01  -1.1543323e+00   1.6290194e+00  -9.7225577e-01  -2.3717267e+00   6.1893091e-01   3.3187515e-01  -1.1495568e+00   5.2912966e-01   6.1554978e-02
   2.0000000e+00  -9.7329576e-01  -4.5869152e-01   1.4250104e-01  -1.3898423e+00  -1.5217234e+00  -4.6055331e-01   1.5572143e-01  -8.3909366e-01  -7.9114729e-01   1.7454259e+00
   2.0000000e+00   2.2244250e-01   1.1596745e+00  -1.2162070e+00  -6.4278491e-01   2.1954279e+00  -4.4250398e-01  -5.2614241e-01   8.2993071e-02   4.4088539e-01  -1.3399489e-01
   2.0000000e+00  -9.4883738e-01   2.0019651e+00   7.4091061e-01   3.2959323e-01  -1.2218846e+00   9.6789232e-01   4.5572167e-02   6.3072277e-01  -3.0824723e+00  -3.7703776e-01
   2.0000000e+00  -1.5778803e+00  -8.6015076e-01  -7.7161087e-01   2.6197061e-02  -7.4834939e-03  -4.3860392e-01   3.4164837e-01  -1.7687361e-01  -4.5376305e-01   4.3424306e-02
   2.0000000e+00   7.3674682e-01   1.7906690e+00  -1.5449587e+00  -1.5293602e+00   5.5640250e-01   1.8836627e+00   8.5414360e-01  -7.5385084e-01   5.0251027e-01  -1.4270574e+00
   2.0000000e+00  -9.1680867e-01  -1.6752553e+00   7.8951889e-01  -4.4886545e-01   1.9454265e+00  -2.0300467e-01  -8.8390573e-01   5.0852987e-01  -6.3215333e-01  -1.4482770e+00
   2.0000000e+00  -2.1664913e+00   3.7269935e-02   7.2835662e-01  -5.7145294e-01  -8.0126742e-01  -1.5316331e-01   2.4193584e-01   5.9632735e-01  -4.3262321e-02  -1.0426484e+00
   2.0000000e+00   7.0625367e-01  -3.7467934e-01  -1.5607285e+00   8.6400048e-01   6.0810065e-01   1.9332017e+00  -2.2178108e+00   5.7687226e-01  -1.4726260e+00   1.5707374e+00
   2.0000000e+00  -1.3215120e-01   2.6506680e-01   1.3437645e+00  -1.7266688e-01  -9.3518309e-01   3.8152131e-01  -4.3742839e-02  -8.4035455e-01  -1.4168464e+00   6.0532098e-01
   1.0000000e+00   1.9518438e-01   9.5047504e-01   3.2227630e-03   1.3309139e-01   1.5965755e+00  -1.8759862e+00  -1.3001125e+00  -3.3841568e-01  -2.8563521e-01   7.3428007e-01
   2.0000000e+00   1.5485129e+00   3.1145002e-01  -5.3233107e-01   1.1133954e+00   2.9100302e-01   1.2162165e+00   7.9057298e-01   6.3788531e-01  -1.4275757e+00   1.0248067e+00
   2.0000000e+00  -1.5616690e+00  -8.9057767e-01   2.5541378e-01   1.1930422e+00   3.7904872e-01   3.8180850e-01   1.9308077e-01   1.0671966e+00   1.4437965e+00  -2.1445728e+00
   1.0000000e+00   2.7587942e-01   5.8245200e-02   1.7661125e+00   7.0686086e-02  -9.4416379e-01  -8.7536088e-01   1.0460089e+00  -8.7798970e-01  -2.3271027e-01   4.0674814e-01
   2.0000000e+00   8.2062983e-01  -1.4548878e+00  -4.7605202e-01   1.5142908e+00  -1.3694704e+00  -9.9786378e-01  -9.8425252e-01  -1.0103541e+00   1.8482168e+00   3.6620091e-02
   2.0000000e+00   1.1872702e+00   4.2403169e-01  -5.1017986e-02   1.0502899e+00   3.2331856e-01  -6.9237270e-01  -6.7787198e-01  -1.0041664e+00   3.8685295e-03  -1.2126276e+00
   2.0000000e+00  -8.1667402e-01   2.8319590e-01   7.5877004e-01   1.6522038e+00   1.9744804e+00  -5.4837759e-01  -8.6523170e-01   3.4820052e-01  -1.6933618e-01   8.1828022e-01
   2.0000000e+00  -2.5850457e-01  -7.1534100e-01   1.2945604e-03   1.2042491e+00  -1.6163928e+00  -1.2430640e+00  -1.7618176e+00   7.0184600e-02  -1.3838096e+00   1.1451497e+00
   2.0000000e+00   4.2361861e-01  -2.1915224e-01   1.2690172e+00   1.8017933e+00   5.5272364e-01   1.2801031e+00  -5.4931530e-01   3.0355508e-01  -1.8629479e-01  -9.9607970e-02
   2.0000000e+00  -7.5032825e-01  -1.6931793e+00   1.3565916e-01   1.2320888e+00   8.7614844e-01  -6.1369474e-01  -6.2467987e-01   5.2390530e-01   6.1126764e-01   6.1834787e-01
   2.0000000e+00   7.5163593e-01   1.8872050e-01  -4.9560683e-01  -7.7714593e-01   9.3821025e-02   8.8964786e-01   5.4295509e-04  -8.2798473e-01   7.5069811e-01  -1.4152489e+00
   2.0000000e+00  -4.0448135e-01   4.8644769e-01   4.2638732e-02  -1.3290277e-01   3.3912131e-01  -6.8935604e-01   2.8659027e-01  -4.0408805e-01  -3.7378892e-02  -1.5063778e+00
   2.0000000e+00  -1.2204952e-01   2.4819702e-01   2.4509261e-01   1.0736922e+00   4.9212139e-02  -7.2486019e-01  -1.4404026e+00   8.3971040e-01   1.6553749e+00  -1.0334354e+00
   2.0000000e+00   8.7331943e-01   1.7495497e+00   2.3466122e-01   8.2300466e-01   9.8840841e-01  -3.5924429e-02   1.1504563e+00   2.8887153e-01   1.2564936e+00  -4.3935851e-01
   1.0000000e+00  -6.4760186e-01   2.3056066e+00  -2.0041869e-01   2.1160429e-03  -5.7315719e-01  -7.7283761e-01   9.1907504e-01  -4.3014419e-01   1.7368417e-01   6.7767579e-01
   2.0000000e+00  -1.3356258e+00   2.1567602e+00   1.0237193e-01  -2.0129865e-01   2.0116699e+00  -7.9838869e-01  -2.6197463e-01  -5.0627997e-01   1.1572044e+00   9.3668081e-01
   2.0000000e+00  -1.2676002e-01   1.8766890e+00   1.9029741e-01  -1.4214306e+00  -1.3316227e+00   5.4652588e-02  -8.2944557e-01   5.9684422e-01   6.1350736e-01   8.4835725e-01
   2.0000000e+00   1.2909289e+00  -3.0677234e-01  -1.1924768e+00   2.0910385e+00   7.1235428e-01   2.8749110e-01   1.3070511e+00   7.4102142e-01   3.1382028e-01  -1.6648246e+00
   2.0000000e+00  -8.2142133e-02  -7.6824178e-01  -1.3273028e-04  -6.9952494e-01  -1.5714611e+00  -6.1920855e-01   1.0081232e+00   2.8685970e+00  -5.7570336e-01  -1.4635868e+00
   2.0000000e+00   1.5206609e-01   9.3926137e-01   8.4921180e-02  -3.2299797e-02   6.4291442e-01  -3.1931173e-01   8.9187608e-01  -1.5873607e-01   1.0584315e+00   1.6159112e+00
   2.0000000e+00  -1.7464944e+00   4.6698944e-01   9.0960576e-01   1.6303342e+00  -1.5858901e+00   4.9917112e-01   7.4099344e-02  -9.9076863e-01   7.2150450e-01   4.3747727e-01
   2.0000000e+00   1.4153576e+00  -4.0547314e-01   3.9258689e-01   5.8625761e-01   3.6480570e-01   7.3567146e-01   5.0035455e-01   6.8982173e-01   5.5587776e-01  -5.9653107e-01
   2.0000000e+00  -3.7056830e-01   1.2466820e+00   1.3047373e+00  -1.6987923e+00   2.4071330e-01  -1.1190213e-01   2.7109865e+00   1.1608310e+00   1.0222932e-01  -4.1719044e-01
   2.0000000e+00   3.0450922e-02  -5.4275027e-01  -8.1393348e-01   2.3809526e+00   1.5379572e+00   1.7787352e+00   1.7374012e+00  -3.4427701e-01   8.1120909e-01   8.6829542e-01
   1.0000000e+00  -1.1476784e-01  -1.1392477e+00   3.7357437e-01   8.3128942e-01   1.9265665e+00   5.3822653e-01  -5.7724411e-01  -7.9700015e-01  -9.5586491e-01  -1.0062862e+00
   2.0000000e+00   7.8054245e-01   6.3076521e-01  -9.1335324e-01  -2.5742176e-01   5.0856821e-01  -7.8750522e-01   1.4704814e+00   3.8539165e-01  -2.1912837e+00   8.8605656e-02
   2.0000000e+00  -1.2846689e+00  -1.0525036e+00   5.2365193e-01  -7.9560960e-01  -6.9492678e-01   5.1098858e-01   3.1235619e-01  -4.2076671e-01   1.4913454e+00  -8.7088186e-01
   2.0000000e+00  -1.0710649e+00  -7.1612517e-01  -8.3290140e-01  -3.2249708e-01  -4.2585676e-01  -4.5982211e-01  -9.8953797e-01   8.7364680e-01   3.9442160e-01  -1.7592323e+00
   2.0000000e+00   1.1325573e+00   9.7019558e-01   1.3136219e+00  -1.8101330e-01  -1.6358867e+00  -1.0088946e-01  -1.4355968e-01  -1.0172885e+00   8.3316070e-01   9.9855574e-01
   2.0000000e+00   1.5553720e-01   1.4212398e+00  -4.5399020e-02  -1.3551807e+00   3.2785463e-01  -5.6484249e-01  -3.4293572e-01  -9.1404838e-01  -2.1207453e+00  -2.1236890e+00
   2.0000000e+00  -1.5516918e+00  -3.9933552e-02   1.3861802e-01   9.3483256e-01  -2.2528244e-01  -7.8807463e-01   4.8197484e-01   2.4399240e-01  -4.5456400e-01  -1.4827315e+00
   2.0000000e+00  -2.4987600e+00   2.0294131e-01  -4.9525453e-01   1.1640139e+00   3.3938192e-01  -8.3404164e-01   3.5838346e-01  -2.9155749e-01  -3.0887422e-01   1.0213689e+00
   2.0000000e+00  -2.7067335e-01   1.6114236e+00   4.3988228e-01  -4.9000948e-01  -3.9488486e-01   1.7679699e-03   1.6321522e+00   1.2853494e+00  -1.8092701e+00   1.0687944e+00
   2.0000000e+00   6.0446292e-01  -3.6741016e-01   7.5524648e-01  -1.1183316e+00   2.0670337e-02  -7.6153613e-01  -1.6885961e+00  -8.8408187e-01   1.1124764e+00   1.4031712e-01
   2.0000000e+00  -1.7772677e+00  -1.6899098e+00   6.7159636e-01   8.6127050e-01  -4.9508551e-01   4.0201807e-01  -2.5229412e-01   1.4036277e-01   2.0079439e+00   1.3219913e-01
   2.0000000e+00  -1.3217932e+00   2.7325200e-01   4.7931152e-01   1.1021206e+00   2.1351851e+00   2.3341663e-01  -4.2449024e-02   1.9610672e-01   1.3784171e+00  -1.0222813e+00
   2.0000000e+00   1.8332003e+00  -5.3511489e-01   2.5958580e+00  -3.7177966e-01   9.5461042e-01  -1.2870920e+00  -1.7023640e-01  -1.1205243e-01  -2.1331876e-02  -7.7428794e-01
   2.0000000e+00   1.9213483e-01   4.4392177e-01  -6.2423206e-01  -1.5494462e+00  -4.8197258e-01   6.7592237e-01   4.1477481e-01  -5.3412463e-01   5.8467080e-01  -2.3558565e-01
   2.0000000e+00   1.7804781e+00  -7.4424699e-01  -2.0604889e+00   3.9201018e-01   1.0519069e+00   3.3852398e-01  -8.1417940e-01  -2.3803766e-01  -1.1287976e+00   1.1573509e+00
   2.0000000e+00  -3.5127531e-01  -8.3773868e-01  -6.3848013e-01  -4.9335861e-01  -7.2285542e-02   1.1221457e+00  -8.3201137e-01  -1.1304635e-01  -3.4693391e-01  -5.4843569e-01
   2.0000000e+00  -3.0963383e-01  -1.7335692e+00   1.1501766e-01  -3.2570137e-01  -1.6892391e+00   1.3772411e+00  -2.8327890e-01  -3.0606816e-02  -7.8627349e-01  -5.4992618e-01
   2.0000000e+00   1.1423902e-01  -4.2727939e-01  -7.7575009e-02  -4.7220033e-01   1.6591297e-02   9.3903695e-01  -1.6802964e-01  -5.1120489e-01   4.7613043e-01   6.5467282e-01
   2.0000000e+00   9.8275766e-01  -7.7990687e-01  -3.7298369e-01   3.1382568e-01   6.7467406e-01  -7.7495397e-01  -8.7306614e-01   6.0697674e-01  -2.2888046e+00   7.5810622e-02
   2.0000000e+00  -1.0104523e+00   6.6278477e-01   3.4363802e-02   8.5257572e-01   2.7636313e-01   1.5891988e+00  -6.8969210e-01   6.5427801e-01   3.9605313e-01  -7.9421995e-01
   2.0000000e+00   1.5630511e+00   2.1451478e+00   1.4580592e+00   5.2545976e-01  -7.0189668e-01   6.2871016e-01   4.3172584e-01  -9.5117739e-01   1.7305320e+00  -3.7366996e-02
   2.0000000e+00   1.0772367e+00  -5.7615370e-01   1.9563267e-01   3.7148398e-01   2.0559159e+00   1.3469997e+00  -4.0376310e-01  -1.0306145e+00   1.7033778e-01   7.8026725e-01
   2.0000000e+00   8.7809246e-01   3.4059167e-01   1.2834620e+00   2.0056230e+00   6.9035801e-01  -8.6241587e-01  -1.5666806e-01   6.4886300e-01  -6.9545380e-01   1.8729348e-01
   2.0000000e+00   2.2532254e-01  -1.9249791e-01   7.1168264e-01  -4.1969021e-02  -2.9129022e-01  -1.0218260e+00   1.1492811e+00   1.1674907e+00  -1.1105295e+00  -1.4015019e+00
   2.0000000e+00   4.0660357e-01   2.0070616e+00  -5.8167360e-01  -1.1127524e+00   7.3578538e-03  -1.0185068e+00  -3.9872636e-02  -1.8310110e+00  -4.0939128e-01   1.3435376e+00
   2.0000000e+00   2.8494133e-01   1.3233235e+00  -3.6856964e-01  -1.0866573e+00   2.1017691e-01   6.0641147e-01   1.0190036e+00   1.4365577e+00  -8.3164131e-02  -7.0011271e-01
   2.0000000e+00   1.8577151e-01  -1.9598981e+00  -2.1907543e-01   7.4733285e-01   4.1682947e-01  -1.1854713e+00   5.3207517e-02   2.1458167e+00  -6.8723187e-01   8.8704227e-01
   2.0000000e+00  -1.9741986e+00   2.2358206e-01  -3.2821124e-01   3.5046756e-01  -1.3642072e+00  -3.2466555e-01   1.2979075e+00  -1.1686099e+00  -1.5634207e+00   1.0884521e+00
   2.0000000e+00  -1.0529262e+00   7.5976337e-01   1.2489647e+00  -3.7836669e-01  -1.3651146e-01   1.4166366e-01   1.0717790e+00  -1.4505350e+00   7.0847601e-01  -8.1774663e-01
   2.0000000e+00  -9.2958601e-01  -3.5419438e-01  -1.5201986e+00   6.0369478e-02   1.2954784e+00  -5.1678937e-01  -1.7711271e+00   2.1850056e+00  -7.1155064e-01  -5.4766207e-01
   2.0000000e+00  -8.9542472e-01  -5.5840414e-01   1.5450673e-01   4.9344997e-01  -6.6712822e-01   1.0060159e+00  -8.8957031e-01  -7.0694831e-01  -6.9063885e-02  -1.7019543e+00
   2.0000000e+00   2.0238682e+00   6.9782629e-02  -5.8284980e-01   2.0850958e+00   1.0533678e+00   8.4799972e-01  -4.9685562e-01  -7.0964945e-02  -9.1535366e-01   9.2126887e-01
   2.0000000e+00  -6.4523029e-01   8.8980967e-01   2.4843790e+00   1.0950014e+00   6.2503253e-01   4.2701349e-01  -6.1404373e-01   3.0274401e-01   7.3488631e-01  -9.7746378e-01
   2.0000000e+00   4.3584672e-01  -1.2571772e+00  -1.6593775e-01   8.2038579e-01  -9.8236432e-01   8.3803778e-01   1.9108130e+00   6.1810147e-01  -2.4977258e-02   4.8700572e-01
   2.0000000e+00  -2.5733435e-01   2.9995318e+00   1.0962047e+00  -1.2280033e+00  -1.0911733e+00   1.2977830e+00   7.0503123e-01  -8.7756771e-01   5.7848398e-01  -2.8926017e-01
   2.0000000e+00   1.1695123e-01  -9.8183620e-01  -1.2224639e+00  -6.8438175e-01   1.8629191e-02  -3.7773669e-01   3.1082496e-01  -2.4413951e-01  -5.5296634e-01   5.5777884e-01
   2.0000000e+00  -1.0604001e+00  -1.2300159e+00  -1.5034448e+00  -1.5427192e+00  -9.8314131e-01   5.5788651e-02   9.2591331e-02   1.6053065e+00  -7.9169621e-02  -7.4594003e-01
   2.0000000e+00  -1.5945213e+00  -3.8080219e-01   9.5192006e-01   1.8723745e-01   1.1051090e+00  -1.2827427e-01  -7.3002467e-01  -1.4094347e-01  -8.6327123e-01   1.0191727e+00
   2.0000000e+00   4.1494383e-01   2.3013926e-01  -2.5350927e-01  -9.5335510e-01   1.2902939e+00  -8.1886411e-01   2.0564296e-01   5.5111772e-01   4.5077136e-01   7.8545912e-01
   2.0000000e+00   1.7409952e+00  -9.8260998e-01  -1.9543796e-01   4.3824950e-01  -1.1617153e+00  -2.6737867e+00   1.2176324e-02  -7.1534109e-01  -7.8421263e-01   5.6525297e-01
   1.0000000e+00   3.6458672e-01  -7.3779185e-01  -1.2804733e+00   5.7650412e-01  -9.8319722e-01   1.4922153e+00   5.3733824e-01  -6.6380534e-01  -9.2160100e-01  -3.6677820e-01
   2.0000000e+00   3.3461944e-02  -1.8907423e-01   2.0610791e-01   1.7826814e+00   1.3547785e+00   8.5799590e-01  -1.1103106e+00  -8.6241477e-01   1.0500039e+00   9.5588327e-01
   2.0000000e+00  -8.3979798e-01   4.6845698e-01   1.3296757e+00   7.9054278e-01  -1.2057884e+00  -6.3185041e-01   4.6725088e-01   8.4706058e-01  -3.8169875e-01   8.4371914e-01
   1.0000000e+00   3.3241043e-01  -6.9009732e-01  -1.7122236e+00   5.9770463e-01   8.3954966e-01  -4.5204675e-01   3.0887424e-01   4.4368119e-01   4.4491429e-01  -1.3094967e+00
   2.0000000e+00   5.7577835e-01  -2.9108784e+00  -1.7348731e+00  -3.3045716e-01   2.1370348e-01   1.2902461e+00  -1.5827003e+00   3.9952380e-01   1.5097641e+00   1.1460915e+00
   1.0000000e+00  -1.2020013e-01  -1.6141130e-01   4.3672030e-01   6.8581390e-01  -6.4490319e-01  -9.1112940e-01   5.5781338e-01   6.2390623e-01  -9.4784278e-01   2.1944320e+00
   2.0000000e+00   1.7390081e-01  -7.3275193e-01  -2.5720366e-01  -4.2089872e-02   2.0967208e-01  -5.8497369e-01   5.8698243e-01  -9.4832181e-01  -7.0927925e-01  -2.9532874e-01
   2.0000000e+00  -1.0936584e+00   2.0173396e+00  -1.1176901e+00  -2.9250171e+00   2.1375725e+00   1.4012691e+00  -1.6684910e+00  -5.3533810e-01  -4.8991409e-01   1.1394438e+00
   2.0000000e+00  -9.4204845e-01   6.6057987e-01  -3.7962243e-01   8.0869599e-01  -2.4255604e+00  -1.3892403e+00   3.7213031e-02   3.6725408e-01   2.8475853e-01   9.8555644e-01
   2.0000000e+00  -3.4175804e-01  -1.1539984e+00  -1.6151735e-01  -5.3456981e-01   1.1562016e+00  -2.9438996e-01  -1.9939070e+00   2.0203742e-01  -8.2515854e-01   8.8338010e-01
   2.0000000e+00   1.0397968e+00  -1.1492040e+00  -2.9207831e-01   1.8494230e+00   8.4184579e-02  -1.4078573e+00  -7.0343202e-01   9.9445186e-01   7.6311599e-01   8.5369462e-01
   2.0000000e+00  -1.7256539e+00  -9.5791061e-01   1.0501531e+00   1.0665602e-01   5.0471676e-01   4.5198873e-01   1.2179911e+00   1.3453241e-01  -2.0975050e-01  -4.2715455e-01
   2.0000000e+00   1.9191609e+00  -4.2754157e-01  -2.1108389e-01   3.4662962e-01  -1.8618856e-01   1.2297003e+00   1.1508266e+00  -2.1946983e+00  -1.3037236e+00   6.2889321e-01
   2.0000000e+00  -7.1144210e-01   4.3109045e-01  -2.1820864e-01  -5.9221262e-01  -7.2620436e-01  -1.4064135e+00  -3.4407918e-01  -3.6954759e-02  -1.2503491e+00  -5.7293977e-01
   2.0000000e+00  -2.7367296e-01  -9.7578965e-01  -1.4481570e+00  -1.1602603e+00  -2.2476996e-01   3.1413029e-01   6.5757080e-01   1.4439062e+00   1.9789531e+00  -5.7805647e-01
   2.0000000e+00   2.0381836e+00   8.2644325e-01   4.7428668e-01   8.9586568e-01  -5.7384466e-01  -4.6160673e-01  -5.2241669e-01   1.1689455e+00  -1.0735118e+00  -3.0902432e-01
   2.0000000e+00  -3.5867108e-01   1.9280825e-01   3.6762065e-02  -5.5585296e-01  -8.9096621e-02  -4.9861612e-01   1.9006596e+00   9.7010446e-01  -5.7461621e-01   4.4490902e-01
   1.0000000e+00   1.6546826e-01  -6.7775305e-01   2.8849817e-01   4.9470275e-01   2.7985818e-02   6.2552175e-01  -3.4869302e-01  -1.4526624e+00  -1.3805886e+00   5.9581631e-01
   2.0000000e+00   5.9091359e-01  -1.2697078e+00  -1.0403622e+00  -1.2099039e+00  -1.0321347e+00  -1.8618977e+00  -2.9940286e-01  -1.1306782e+00  -3.9914763e-01   1.6654523e+00
   2.0000000e+00  -1.6931271e+00   1.2236113e+00  -6.6413218e-01  -1.3473862e+00  -6.7030764e-01  -7.6925531e-01   3.4378629e-01   1.8318205e+00  -1.2212127e-01   2.4129656e-01
   2.0000000e+00  -3.4425894e-01  -1.2746667e+00   2.7637798e-01   1.9696503e+00   6.7830103e-01   1.2009057e+00  -5.7315192e-01   1.3451664e+00  -2.9170252e-01   5.4764330e-01
   2.0000000e+00  -2.7965427e-01  -1.0654163e+00   1.2570302e+00   1.3702215e+00  -1.7783777e-01  -8.6002120e-01  -1.3003749e-02  -3.2145712e-01  -7.9320641e-01   1.2974392e+00
   2.0000000e+00  -1.4555663e+00   1.1544953e-01   1.2242850e+00   1.1195678e+00  -1.1127045e+00   1.5617255e-01   6.7353076e-01  -1.3743768e+00  -3.1806025e-01   1.8447967e+00
   2.0000000e+00  -1.3515148e+00  -2.4906769e-01   1.7207030e+00  -3.0424402e-01   3.1500236e-01  -1.2706591e+00   5.7171739e-01   1.3041919e+00  -2.7396256e-01  -6.3716631e-01
   2.0000000e+00  -7.6255640e-01  -4.5163146e-01  -1.5180434e+00  -3.2753360e-01   8.3408679e-01   1.8575315e+00   1.6400173e+00  -4.8275789e-01  -1.4475074e+00  -1.1885608e+00
   1.0000000e+00  -4.5185290e-01   1.0293909e-01  -2.4011966e-01   5.2833894e-01  -3.9552218e-01   8.1287036e-01  -6.9781864e-01  -1.5961255e+00  -1.0987026e+00   6.9651418e-01
   2.0000000e+00   1.3940275e+00  -5.4001039e-01  -1.1159189e-01   3.9288354e-01   3.8419289e-01  -1.0626575e+00  -7.0715404e-01  -3.5067485e-01  -6.9063841e-01  -6.1546481e-01
   2.0000000e+00   1.1888507e+00  -3.8879167e-01  -2.3411788e+00   3.6317602e-01  -2.3408882e+00   5.0562812e-01  -6.4318847e-01  -5.8311320e-01  -4.2579132e-01  -7.7993078e-01
   2.0000000e+00   3.0881654e+00   1.4855011e-01  -5.0372187e-01  -7.6645243e-01  -6.1674103e-01  -5.5175392e-01   1.1091691e-01  -4.3549370e-01   1.0142588e+00  -4.3804024e-03
   2.0000000e+00  -8.8775268e-01   1.4120672e+00   6.3015049e-02  -4.7339919e-02   9.1453657e-01   1.1915112e-01  -9.9217637e-01  -1.3474906e+00   1.2980848e+00   1.5705069e+00
   2.0000000e+00   4.6319621e-01  -3.7558378e-01   2.0200067e+00  -2.5560897e-01   2.4839398e+00  -1.3561734e+00   1.6756502e+00   1.1232358e+00  -3.0310716e-01  -3.1080049e-01
   1.0000000e+00   1.3256533e-01   1.0227141e+00   1.3971318e+00   4.5189921e-01   1.5410520e-01  -2.7895970e-01  -8.5047748e-01   9.7711087e-01   9.4270378e-01  -5.4774542e-01
   2.0000000e+00   6.1693284e-01  -5.7027204e-01  -5.4419160e-01  -5.2035827e-01   1.9864030e+00   6.3928272e-01   1.0209115e+00   1.7925957e+00  -3.4929529e-01   9.9172793e-01
   2.0000000e+00  -1.1267396e+00  -2.9206079e-01   1.2838868e+00  -1.0026027e+00   8.1638815e-01  -1.7188896e+00  -7.5209886e-01   1.5257504e+00   9.2686740e-01  -1.2358396e+00
   2.0000000e+00   2.3637202e-01  -1.4370656e+00  -3.2564259e-01  -1.0018596e+00   4.6602313e-01  -7.2104925e-01   4.9411918e-01  -8.4076369e-01   8.6368616e-01   9.2620573e-02
   2.0000000e+00   4.8078194e-01   1.9087402e-01   9.2062068e-01  -1.5137308e+00  -1.3466056e+00  -4.5244311e-01  -9.2958024e-02  -1.0847102e-01  -7.8378066e-01  -9.4835114e-01
   2.0000000e+00  -7.4899541e-01   6.8951461e-01  -1.1642212e+00  -4.4866247e-01   1.6629000e-01   8.6048378e-03  -1.0303760e+00  -9.4657827e-01  -1.1760826e+00   1.3393307e+00
   2.0000000e+00   1.3010188e+00   1.5365783e+00   1.7412989e-01  -1.8931342e+00  -6.8017966e-01   1.4861824e-01   1.0450958e+00  -1.4763468e-01  -1.8862159e+00  -1.2172467e+00
   2.0000000e+00  -1.6094144e+00  -1.8621298e+00   1.6313756e+00  -7.6461290e-01   4.1176078e-01  -1.0388483e+00   5.5515278e-01   7.0524580e-01  -8.0128427e-01   8.6515709e-01
   2.0000000e+00  -1.1709293e+00   3.0721834e-01  -6.7783150e-01  -6.4719002e-01  -9.1980558e-01   9.1033127e-01  -6.3099106e-01   1.6757542e+00  -3.0011278e-01  -9.8014079e-02
   2.0000000e+00  -7.4768938e-01  -3.9319754e-01  -4.2858430e-01  -2.5525267e-01  -1.7957855e+00   5.8836123e-01   1.1082175e+00  -2.6002322e-01  -3.0509351e-01  -1.2134770e+00
   2.0000000e+00   1.0003981e+00  -1.0664820e+00  -3.7000698e-01  -1.4263354e+00   4.0092782e-01   4.0975104e-01  -1.1223535e-01  -3.3717692e-01   1.6313083e+00  -3.6311124e-01
   2.0000000e+00   2.1904737e-01  -1.6501428e+00   1.3321948e+00  -6.4823028e-02   3.7933248e-01   2.1193655e+00   7.8674180e-01  -1.2485457e+00  -1.8775555e+00   7.7608336e-01
   2.0000000e+00   1.1077291e+00  -2.1813018e+00  -7.1681228e-01  -3.9626701e-02   1.2737611e+00  -2.1661533e+00  -1.6419827e+00  -1.0094256e+00   1.1023653e+00  -9.5446520e-01
   2.0000000e+00   1.7143415e+00   1.7489748e+00   2.9579721e-01  -2.7807092e-01   6.7983336e-01  -1.0987238e+00   1.7314484e+00  -1.0808389e+00  -1.4187094e+00   4.9450002e-01
   2.0000000e+00   6.5362565e-01   2.8260980e-01  -1.7896470e+00  -7.0540781e-01  -8.6208515e-01   6.9885792e-02   3.5205387e-01   4.6280870e-02  -1.0025197e+00  -5.1516731e-01
   2.0000000e+00   1.5312005e+00   8.1398035e-01  -1.9234039e-01  -9.3010399e-01  -1.3587592e+00   1.0532754e+00   1.2347525e+00  -1.5582500e-01   9.1101790e-01   6.0503660e-02
   2.0000000e+00  -1.1734969e+00   7.8584596e-01  -5.4953717e-01  -1.5121903e-01   1.3475098e+00  -1.4948031e+00   8.4600692e-01   3.7953203e-01   1.5236497e+00   1.3576413e+00
   2.0000000e+00   2.0219265e+00  -6.3781355e-01   3.2652254e-01   1.7441845e+00   2.2042845e-01   9.1773643e-01   8.5109711e-02   1.0546613e+00   1.3853389e-01   2.4830092e+00
   2.0000000e+00   9.4921877e-01   5.1598276e-01  -2.7801803e-01  -4.6258913e-01   1.3495116e+00   1.0039743e+00  -9.6406538e-01  -1.3998366e+00   1.6392178e+00   3.0317176e-01
   1.0000000e+00  -2.7906513e-01  -6.3837098e-01  -1.5994357e-01   2.0138858e-01  -4.2014974e-01  -8.2555605e-01  -2.1248057e+00   1.0512535e-01   8.0342928e-01  -5.7133547e-01
   1.0000000e+00   2.8070127e-01   8.3529531e-03   3.1095733e-01   1.8868833e-01   3.0450321e-01   1.2048750e+00   1.5329327e+00   1.6170386e+00   7.1782491e-01  -8.8972789e-02
   2.0000000e+00  -2.0156034e+00   2.0798280e+00   3.5292073e-01  -8.5453229e-01   8.2098003e-01   2.3389900e-01  -1.1037095e-01   9.6902309e-02   1.4355168e+00  -1.8995585e-01
   2.0000000e+00   1.5536402e+00   1.4145993e+00   7.5032850e-01  -8.0918181e-01   8.9563022e-01  -2.0043555e-01  -1.6435138e-01  -9.8253138e-01  -8.3221483e-02   3.6661396e-01
   2.0000000e+00  -1.2230145e+00  -7.7981514e-02   1.6640597e-01   4.8826830e-01   4.1302157e-01   1.2208573e+00   3.1593849e-01   2.4514536e-01   1.3253838e-01   7.6907190e-01
   2.0000000e+00  -1.2061055e+00   7.9902487e-01   3.3988727e-01   4.1980785e-01   1.5979956e-01  -3.6693632e-01  -2.7604660e-01   1.3796805e-01  -1.0447049e-02   5.8236559e-01
   2.0000000e+00   9.0807844e-01   1.1869923e+00  -7.2412720e-01   4.6580778e-01  -1.1265248e+00   6.9194149e-02   3.2162613e-02   2.6807900e-01  -3.1490980e-01  -2.1538621e+00
   2.0000000e+00  -8.6838081e-01   4.8608463e-01   2.6745261e-02   2.2854360e+00   2.2338302e-01  -2.0351446e+00  -3.2782890e-01   6.0018014e-01   7.8224524e-02  -8.3585987e-01
   2.0000000e+00  -1.2259078e+00  -1.7370009e+00   1.5878230e-01  -1.9492193e+00   1.4195603e+00  -7.5154695e-01   1.4651094e+00  -2.9238383e-01   1.2059039e+00   1.6284850e-01
   2.0000000e+00  -1.5583062e+00  -1.0497501e+00  -1.7808695e+00   3.8470116e-01   2.5460849e-01  -4.2303966e-01  -2.6460944e-02   5.4418315e-01  -1.6553845e+00  -1.4955320e+00
   2.0000000e+00   2.3230540e-01   2.3897496e-01  -1.0087392e+00   1.6434829e+00   8.8122902e-01  -8.9372905e-01  -4.0735770e-01  -1.0235313e+00  -1.9577415e+00   5.8203422e-01
   2.0000000e+00  -7.9861491e-01  -7.2438234e-01  -7.4279430e-02  -1.3415383e-01   6.2874294e-01   8.6996964e-01  -4.9700418e-02  -2.0206381e+00  -2.5316237e-01   6.4262598e-02
   2.0000000e+00  -1.3338077e+00  -8.2139597e-01  -7.0546825e-02   2.1035051e+00   8.4036555e-01  -1.7931981e+00  -8.5952349e-01   1.2888048e+00  -1.4691554e+00   8.9297594e-01
   2.0000000e+00  -1.2543127e-01   5.8930655e-01   4.7362257e-01   1.0228165e+00  -3.0339377e-02  -2.9782126e-01   1.8817868e-01   1.2596614e+00   2.2741531e+00   1.3332747e+00
   1.0000000e+00  -3.9676656e-01   2.5695808e-02   9.6586681e-01   2.6573402e-01   1.4065828e+00  -3.5767862e-01  -4.9555029e-01  -3.2585853e-01  -1.4019725e+00  -8.6817245e-01
   1.0000000e+00   2.1685748e-02   4.7597511e-01  -1.7868068e+00   1.8138530e-01   6.2864780e-01  -1.9760706e+00  -5.2342678e-01  -1.1856519e+00   5.5677560e-01   5.2165475e-01
   2.0000000e+00  -1.1061451e+00  -1.0178561e+00   1.3485373e-01   7.2873010e-01  -6.2310421e-01  -1.5176687e+00   1.6758511e+00  -9.0275796e-01  -7.7204567e-01   9.4554069e-01
   2.0000000e+00  -1.5215736e+00   1.8694733e-01   4.5118335e-01  -2.3820515e-01  -1.3145501e-01   6.2746908e-01   1.7715055e+00  -2.5714560e-01  -7.6134823e-01  -5.0362985e-01
   2.0000000e+00  -5.2919471e-01  -2.5949992e-01  -1.0379681e-01  -6.8003605e-01  -3.6442024e-01   1.7981791e+00  -2.4129333e-01  -5.2493107e-01   2.0466545e+00  -6.2744540e-01
   2.0000000e+00  -1.2952806e+00  -2.8955071e-01   2.0403645e-01  -3.4878567e-01   1.2770914e+00   4.5978609e-01  -2.1566711e+00   3.5173877e-01  -9.3706494e-02  -1.3210443e-01
   2.0000000e+00  -1.1101511e+00   8.1166671e-01  -8.8857109e-01   4.4790793e-01  -1.1050358e+00   9.5448468e-01  -1.3380278e+00  -9.7631172e-01  -2.4380889e-01   1.7557263e-01
   2.0000000e+00  -1.0268333e+00   2.6006795e-02   3.5900784e-01  -1.0344148e+00   7.8198489e-01  -2.9897194e-01   1.5223131e+00   1.7514157e+00   2.9367397e+00   7.4909224e-01
   1.0000000e+00   2.8815581e-01  -9.9286582e-01  -1.9634095e-01   6.3282342e-01  -1.0676088e+00   1.3969338e+00  -1.3901481e+00   1.7886564e+00  -1.2879700e+00   1.1936412e+00
   2.0000000e+00  -6.0802096e-01  -9.6899395e-02  -6.6513933e-01  -2.1482436e+00  -1.2025264e+00   5.2685300e-01   5.4317131e-01   4.6301824e-01  -1.0394472e+00   6.0309131e-01
   1.0000000e+00  -7.2788581e-01   1.7560589e+00  -2.2113677e+00   3.2766681e-01   4.8914203e-01   9.9286085e-01  -5.8081114e-01  -8.9666689e-01  -2.3746341e-01  -2.1588420e-01
   2.0000000e+00   5.9287201e-01  -1.6303895e+00   1.5178918e-01   3.0056360e+00  -1.1335775e+00   2.0098346e+00  -1.7721039e+00   1.8675383e+00   1.6487771e+00   2.8922446e+00
   2.0000000e+00   5.4818124e-01  -1.7664319e+00  -5.0711005e-01   7.6656328e-01   9.8850220e-01  -4.4477957e-02  -8.7971111e-02  -6.4474395e-01  -1.1636162e+00  -4.7805571e-01
   2.0000000e+00   3.2497549e-01  -8.0174474e-01   5.4433230e-01  -3.8686679e-01  -1.6860859e+00  -5.4799090e-01  -2.0002073e-01   2.6217245e+00   2.2786664e-01  -1.8353096e+00
   2.0000000e+00   1.0306734e+00   4.7615638e-01  -3.5570175e-01   7.4893742e-01   5.3199847e-01  -9.1646619e-02   4.1606346e-01   1.9677606e+00   3.0438899e-01   1.1214306e+00
   1.0000000e+00   1.8890637e-01   1.0275508e+00   1.3490212e+00   7.1181979e-01   2.6336299e+00  -3.3894491e-01   2.2359425e-01   4.1176746e-01  -1.0484763e+00   1.6680119e+00
   1.0000000e+00  -6.7132961e-01   3.4557155e-01  -2.0514155e-02   3.7280655e-01   9.4199780e-01  -1.5831213e+00  -1.6823654e-01  -1.7134044e+00   3.0582162e-01  -3.9695493e-01
   2.0000000e+00   6.8328318e-01  -4.9420852e-01  -8.9125898e-01  -2.3039219e-01   1.6047538e+00  -4.4713562e-01  -3.0224176e-02  -2.9891327e-02  -1.0681700e+00   5.5024125e-01
   2.0000000e+00  -1.6183665e-01  -1.1150047e+00  -1.7538462e+00   1.1041658e+00  -6.4912141e-03   1.7966178e+00   1.3054124e+00  -1.0102476e+00   5.6135648e-01  -6.7824844e-01
   2.0000000e+00   4.2278759e-01   1.2533348e+00   6.9076006e-01  -1.2948955e+00   8.5752281e-01  -1.0415560e+00   4.4584678e-01   1.4644342e-01   9.7356807e-01   2.7953889e+00
   1.0000000e+00   4.6459754e-01   7.1542987e-01  -1.1489651e+00   4.8036881e-01   1.4337253e+00  -2.4995260e-02   5.1514049e-01  -1.0460171e-01   5.7460219e-02   4.8835724e-01
   2.0000000e+00  -5.1949058e-01   7.7778422e-01   1.3735123e+00  -4.6180820e-01   1.2281164e+00   3.2878096e-01   3.3763578e-01  -5.7599726e-01  -1.1273668e+00   7.1870549e-01
   2.0000000e+00   2.7302890e-02   1.2060330e+00   1.4408033e-01  -1.0818810e+00   9.1313662e-01   2.6195173e-02  -1.0366516e+00  -6.5295473e-01  -4.5352090e-01   1.3971214e-01
   2.0000000e+00  -9.7134002e-01  -1.1984215e+00  -1.0592852e+00   3.3373951e-02  -1.4555223e-02   1.2587067e+00   3.1709997e-01   1.0071510e+00   4.6440615e-01  -6.4945628e-01
   2.0000000e+00   2.3825402e-01   2.0460820e+00  -7.6231910e-01   1.7843705e+00  -8.4960672e-01  -3.2946738e-01   2.0183069e-02  -1.0224300e-01  -9.5885455e-02  -8.0557425e-01
   2.0000000e+00  -1.3260874e+00  -3.1180249e-01   1.5944002e+00  -6.2137744e-01   3.0956427e-01  -1.2261671e+00   1.1790738e+00  -1.8311694e-01  -1.4742916e-01  -4.2342857e-01
   2.0000000e+00  -3.9986662e-01   8.0805107e-01   8.6452801e-01  -4.3677889e-01  -2.6526755e-02  -1.0240212e+00  -5.9141557e-01  -1.3519129e+00   1.1772703e+00   3.6918349e-01
   2.0000000e+00   9.6327326e-01   4.4480493e-01   2.5494888e+00  -6.3935704e-01  -8.3187532e-01  -3.9537103e-01   7.2239129e-01  -3.2001764e-01  -3.1085863e-01   6.8392088e-01
   2.0000000e+00   8.5143881e-01  -9.4035661e-01  -1.0632990e+00   1.3084294e+00   1.7847011e+00  -2.7530302e-01   3.8717706e-01  -2.4893668e-01   4.0463330e-01   3.9021928e-01
   2.0000000e+00  -1.8566587e-01  -3.0661433e-01  -3.6304902e-02  -8.8197448e-01   1.7708174e+00  -3.1252283e-01  -7.1484464e-01  -1.0525770e+00   5.1690233e-01   7.7943377e-01
   2.0000000e+00  -1.8851566e-01  -9.5103649e-01   6.2655666e-01   2.8974862e+00   6.9646865e-01   2.6345786e-01   3.8500607e-01  -9.3726748e-01  -9.2808412e-01   9.4267912e-01
   2.0000000e+00  -1.2504929e+00  -1.6241251e+00  -3.3759745e-02   6.7026105e-01   1.5809736e-01   1.5743133e-01   3.6811305e-01   2.0203513e-02  -3.8369993e-01   9.0333355e-01
   2.0000000e+00  -1.4026558e+00   1.3217199e-03  -1.8903215e-01  -2.4139684e+00   5.8686863e-01  -7.6149468e-02   8.4336464e-01  -2.1477574e-01  -9.4389696e-01  -2.2940075e-01
   1.0000000e+00  -2.4398428e-01  -1.0679679e-01   1.9209339e-02   7.4869981e-01  -3.2698019e-01  -9.8376909e-01   6.1847189e-01  -9.0758839e-01   5.2888367e-02   9.4572018e-02
   1.0000000e+00   4.4844882e-01  -1.0707464e+00   1.1217097e+00   6.1846035e-01   2.1179541e+00  -3.7733692e-01   3.6835528e-01  -8.6116310e-01   1.2181678e+00   9.6929395e-01
   2.0000000e+00  -1.1377029e-01  -1.4495141e+00   1.1008097e+00  -5.8033434e-02   5.8177759e-01  -8.7404155e-01  -1.4948870e+00  -1.0864238e+00   4.9177124e-02   3.9421052e+00
   2.0000000e+00   5.9131127e-01   1.5813563e+00  -1.5314534e+00  -9.9815391e-02  -1.7794269e-01   2.6842790e+00   2.6717605e-02  -1.4820974e+00   3.6093792e-01  -7.4004396e-01
   1.0000000e+00  -7.0496549e-01  -1.9407625e+00   9.6613735e-01   2.0202528e-01  -1.7573022e+00  -2.1903830e-02   6.7334169e-01   1.0515426e+00   3.8355539e-01  -5.3611315e-03
   2.0000000e+00   9.1691894e-01   1.1206266e+00   5.2175918e-01   5.9509591e-01  -5.4368454e-01   1.0956374e-01   1.2967033e+00   3.1896925e-01  -7.3001859e-01   9.6710487e-01
   2.0000000e+00   3.0565367e+00   5.5676416e-01   2.4165222e+00  -1.1924227e+00  -1.5450131e+00   1.0009462e+00  -1.2240073e+00   8.0613875e-01   4.1650145e-01  -3.0224197e-01
   2.0000000e+00   1.7082800e+00   8.0665989e-01   7.3969340e-01   1.8191653e+00   3.3154614e-01  -1.4870207e+00   1.4797266e-01  -7.3929339e-02  -1.6145873e+00  -5.9423422e-01
   1.0000000e+00   8.2653174e-01  -2.8626009e+00   2.3988631e+00   8.7971529e-02   7.5285414e-01  -1.7510863e+00  -2.7060475e-01  -4.6342814e-01  -5.3800560e-01  -1.4225538e-01
   2.0000000e+00   9.5828166e-01  -1.2620510e-01   6.5392837e-01  -5.2877325e-01  -2.5691431e-02   1.8688775e+00   1.4103071e+00  -1.5899633e-01  -6.2364978e-01  -1.0834785e+00
   2.0000000e+00   3.8022913e-01   5.4588413e-01  -8.5646702e-01  -7.9037315e-01  -1.3817493e+00   1.4182637e-01   4.8930265e-01   1.5715083e+00  -9.2790816e-01   7.5949829e-02
   2.0000000e+00  -4.0126437e-01  -5.2038171e-01  -1.4790027e-01   9.1031667e-01   2.6165736e-02   1.5483850e+00  -2.8081926e-01  -1.5238858e+00   6.2696215e-01   7.3897588e-02
   2.0000000e+00   6.0956690e-01   1.9133674e+00   6.7772285e-01  -1.7200547e+00   1.4511958e+00   9.7429271e-01  -9.5071415e-02   9.6015321e-01   8.9143870e-01   1.2665515e-01
   2.0000000e+00   3.0086375e+00  -8.1851265e-01   2.2393112e+00   5.7708572e-01   1.0111940e+00   7.6871691e-01   1.9073607e+00   1.1804249e+00  -7.1526325e-01  -2.5945060e-01
   2.0000000e+00  -9.1415668e-01  -1.5023836e+00  -2.0104130e-01  -1.3414410e-02   2.6697489e-01  -2.6663471e+00  -1.5845675e+00  -1.1218219e+00  -3.3662967e-01   5.3364828e-01
   1.0000000e+00  -5.1556877e-02   1.5193602e+00  -1.0390067e+00   8.4262968e-01   6.5917698e-01   2.4269243e-01  -1.6517694e-01   2.2679664e-02  -2.5385709e-01  -1.4857632e+00
   1.0000000e+00  -4.2669202e-03   2.4377614e+00   2.3420132e+00   3.2202371e-01  -5.3589224e-01   7.5462340e-01  -9.9757070e-01  -9.1818832e-01   4.9534736e-01  -2.6893471e-01
   2.0000000e+00   1.1034780e+00  -5.1724720e-01   2.5929418e-01  -3.2823935e-01  -1.3303404e+00  -2.0689231e-01   7.3742486e-01  -5.8015926e-01   1.0131860e+00  -3.8598562e-01
   2.0000000e+00  -2.3411772e+00  -6.9634322e-01  -1.2351533e+00   1.0411307e+00   5.4764675e-02  -4.9126652e-01   1.3398291e+00  -1.6668869e+00   3.9420314e-01  -9.8852202e-01
   2.0000000e+00   9.5287908e-02  -1.2667635e-01   7.3777918e-01   7.5650337e-02  -7.9899488e-01   1.2666070e+00   1.4492164e+00  -2.0859314e+00  -1.2286197e-01   5.3099773e-01
   2.0000000e+00   8.9582466e-01  -8.9498960e-01  -1.0921859e+00  -1.0491080e-01   6.0486643e-01   5.9150028e-01  -1.3485435e+00  -1.0870152e+00  -1.9548315e-02   2.6913162e-01
   2.0000000e+00  -7.5914994e-01  -9.4596311e-01  -1.0207513e+00  -7.5583713e-01   3.2782397e-01  -2.3485765e-01   7.0768085e-02   4.5436042e-01  -7.2364360e-01   8.7963273e-02
   2.0000000e+00   5.8238292e-01  -1.3669977e+00  -1.5748586e-01  -6.7986879e-01   1.5889178e+00  -6.2485623e-01  -1.0142209e+00   1.6514455e+00   1.8148004e-01   8.4413835e-01
   2.0000000e+00  -6.2919473e-01   1.7183208e-01   4.0770769e-01   1.7080306e+00  -9.3579554e-01   6.0039325e-02  -8.8163031e-02   1.5839423e-01  -2.2320458e+00   5.0851518e-01
   2.0000000e+00  -2.4638810e+00   5.9720668e-01   8.4860037e-01  -1.5543622e+00  -3.2200471e-01  -1.0140235e+00   6.2065833e-01  -1.0426553e+00   1.1762302e+00  -6.9626283e-01
   2.0000000e+00  -4.6629843e-01   5.6110993e-01  -1.3069284e+00  -7.2398628e-01   5.8450868e-02  -6.4392897e-01  -1.5619240e+00   2.6813220e-01   3.8960995e-01  -6.0024761e-01
   1.0000000e+00   2.0459118e-01  -8.2082894e-01   4.6045647e-01   6.3670930e-01   2.2289797e+00   7.0536326e-01  -1.4990033e+00   4.7807572e-01  -1.2748999e+00   5.2296056e-01
   2.0000000e+00   3.3058190e-01  -7.7275439e-02  -5.2750607e-02   1.7358988e+00   4.7547026e-01   1.6217639e+00  -7.1413045e-01   1.2474903e+00  -8.1579773e-01   1.2806643e+00
   2.0000000e+00   1.8165509e-01  -1.0823892e+00   4.6358726e-01  -1.1999480e+00   8.2407893e-01   8.5081380e-01   1.0412970e+00  -5.2000697e-01  -2.9487876e-01  -1.3232820e+00
   2.0000000e+00   1.0504208e+00  -8.4479733e-01   4.7051357e-01   1.0119336e+00  -1.6117425e+00   8.4829151e-01  -7.8394163e-01   3.4096519e-01   1.5567097e+00   9.0521408e-01
   1.0000000e+00  -1.1645942e-01   7.4953521e-01  -4.9696027e-01   2.6002077e-01   1.3920978e+00  -2.2233418e+00   2.7178192e-02  -1.3305933e+00  -3.6193579e-01   2.4291183e-01
   2.0000000e+00   4.4572695e-01   6.7363074e-01   4.1656773e-01   1.0995993e+00   1.5872712e+00  -1.5542794e+00  -6.4329615e-01   1.5597251e+00   9.7643953e-01  -1.4214270e+00
   2.0000000e+00   9.1952828e-01   1.7330953e+00  -3.6833207e-01   5.0070409e-01  -2.3054475e-01  -1.3711567e+00   7.4928133e-01   1.1109627e+00   1.4220124e+00   7.7976086e-01
   2.0000000e+00  -5.7748686e-01   7.4616873e-01   8.8564829e-02  -7.6861248e-01  -5.4164047e-01   1.4634578e+00   4.6314165e-01   3.1479458e-01   4.8506621e-01  -3.2006524e-01
   2.0000000e+00  -4.2985086e-01  -2.3800917e-01  -9.7220769e-01   1.0497316e+00   3.1499214e-01   1.8679716e+00  -1.1902662e+00  -7.9645702e-01   5.9004279e-01  -1.4470479e-01
   2.0000000e+00   1.8183634e-02  -2.8971625e-01   3.1705654e-01  -1.9393018e-01   3.2161718e-01  -8.7874982e-01  -1.5605565e-01  -8.9686545e-01   6.2807073e-01  -2.8896047e-01
   2.0000000e+00   3.3406264e-01  -9.6914871e-01   3.5858277e-01   1.3319145e+00   7.7267644e-02  -1.1036864e+00   1.4649248e+00  -1.1991596e-01  -1.6042677e+00   1.4572265e+00
   2.0000000e+00  -1.1737074e+00  -1.7074770e+00   5.7141228e-01   7.7616965e-01  -8.5373352e-01  -1.7099625e+00  -7.1716749e-01  -4.8584893e-01  -9.5183345e-01  -1.8505607e+00
   2.0000000e+00  -1.6738082e+00   4.6501269e-01   7.0012091e-01  -1.0279527e+00  -9.8786217e-01  -2.1296882e-01  -1.8017345e-01   1.0581738e+00  -9.0782878e-01   2.3339918e-01
   2.0000000e+00   1.1550838e-01  -6.2392516e-02  -1.6341193e+00   9.1171016e-01   4.1557916e-01  -8.1480557e-01  -8.5224783e-01  -1.7596201e+00   4.5423253e-01  -1.5125854e+00
   2.0000000e+00   1.3609680e+00   6.2709303e-01  -5.3637541e-02  -1.1709076e-01   1.5282795e-02   1.1167750e+00  -9.8485527e-01  -8.5151323e-01  -2.3168873e+00  -9.5245035e-02
   2.0000000e+00   3.1316307e-01  -1.2439502e+00   7.4859375e-01  -8.7095363e-01   8.7368790e-01   1.1567976e+00   2.4780883e+00  -5.9631161e-01   7.7833131e-01  -5.0957054e-01
   1.0000000e+00  -4.5123955e-01   1.5359249e-01  -3.0276122e-01   6.5754254e-01  -1.9964993e+00   2.5757709e+00   6.0953536e-01  -3.5555214e-01   1.2153389e+00   5.9972065e-01
   2.0000000e+00   8.8370977e-01   3.1522020e-01  -9.5257441e-01  -5.7076329e-01  -1.0310316e+00  -4.2324913e-01  -1.2750375e+00  -2.6164947e+00  -2.0293074e+00   1.9430201e+00
   2.0000000e+00   1.5103300e+00  -2.5541972e-01  -7.4715556e-01   1.8958920e+00  -1.0270260e+00   1.4342825e-01   1.8958586e-01  -1.1253981e+00   1.6101549e+00   1.7753170e+00
   2.0000000e+00   3.9469704e-01   9.4993778e-01   4.7695149e-01  -6.6939396e-02   1.1544462e+00  -3.1234794e-01  -1.0988719e+00  -1.2227379e+00  -8.9658315e-01  -2.4153479e-01
   2.0000000e+00  -1.3545661e+00   2.4249666e+00  -7.3424695e-02  -2.9286947e-01  -1.5812615e+00  -6.6811501e-01   9.4322368e-01   5.7520476e-01   6.0997811e-01   8.2820687e-01
   2.0000000e+00   3.3188421e-01   1.1202428e-01  -1.2335418e+00  -5.6305519e-01  -6.7411144e-01   3.4995175e-01   7.8579862e-03  -3.4913470e-02  -2.2551394e-01   7.2403781e-01
   2.0000000e+00   1.9294623e-01   4.9293713e-01   2.2466565e-01  -1.8692896e-01  -6.4002648e-01   9.0341229e-02  -3.9922277e-01  -8.2967092e-01   6.5258006e-01  -1.4413237e+00
   2.0000000e+00  -6.2328960e-01   8.6188719e-01   5.7120361e-02  -9.4191464e-01   3.8762380e-01   5.8700400e-01  -2.2698713e-01   1.1599199e+00  -1.4524445e-01  -2.6955831e-01
   2.0000000e+00   2.2292302e-01   1.2775652e+00  -1.4153076e+00  -1.2376810e-01   6.3190687e-01   2.2239495e+00   8.7913417e-02   3.8547620e-01   1.2423211e-01  -5.8423603e-01
   2.0000000e+00  -1.9978713e+00  -1.3048867e-01   9.0845557e-01  -7.3779896e-01  -1.3274159e-01   9.7624469e-01   1.3034813e+00   3.7335762e-01   4.0810558e-01  -2.7062254e-01
   2.0000000e+00  -8.5105279e-01  -8.1227521e-01   3.1813152e-01   7.5541955e-01  -4.8246809e-01  -4.3066490e-02   6.0998461e-03  -4.2826268e-01   8.8295993e-01  -4.4666040e-02
   2.0000000e+00  -6.4094203e-01  -3.8609329e-01  -7.4883644e-01  -9.8433144e-01  -8.2505347e-01   7.7261996e-02   6.6828328e-01  -5.1637474e-01  -2.5291314e+00  -2.0897451e+00
   2.0000000e+00  -1.3341223e+00  -1.3344481e+00   1.6525809e+00  -1.3874528e-01  -7.8404088e-01  -1.5071614e+00   1.0865409e+00   7.6045021e-01   4.8228903e-01  -2.3985563e+00
   1.0000000e+00  -1.5477193e-01   8.8680382e-01  -3.4064352e-01   4.5665010e-01  -8.7438593e-01   8.9384436e-02  -3.0790521e-01  -5.4098109e-01   1.8222606e-01  -1.5237799e+00
   2.0000000e+00   6.5864314e-01   4.4986315e-01   1.2974093e+00  -1.4750029e+00  -8.1284648e-01  -1.4979420e+00  -1.1334727e+00  -4.3939198e-01  -5.4583432e-02  -8.5600754e-02
   2.0000000e+00  -1.2202660e+00   1.8814499e+00  -2.3908044e+00  -1.4693484e+00   8.8821076e-01  -8.8039382e-01   7.6194803e-01  -1.4430462e+00   1.5764997e+00  -1.4464112e+00
   2.0000000e+00   2.2650422e+00  -2.9827228e-01   9.1369439e-01   1.2503578e+00   1.6116614e-01  -5.2896764e-01  -1.4680359e+00   4.5947823e-01  -6.4051140e-01   1.3822099e-01
   2.0000000e+00  -5.0207509e-01   3.8755853e-01   5.2523599e-01  -5.0617372e-01   3.6337954e-01   6.5919282e-01   1.7783351e-01   2.3946109e+00   5.5189811e-01  -1.2632044e+00
   2.0000000e+00   4.3486433e-01   4.9942013e-01  -8.4026759e-01  -1.7590420e-01   6.2732665e-02   2.0885832e-01  -9.0244861e-01   1.3595835e+00  -6.8747339e-01   8.7526872e-01
   2.0000000e+00   2.1034431e+00  -3.4753644e-01  -1.3972925e-01   3.7141062e-01   6.7932979e-01  -3.6616976e-01   7.3773500e-01   1.2878787e+00  -1.0961464e-01   1.8893219e-01
   2.0000000e+00  -2.4402985e+00   1.2827888e+00  -1.5918436e+00   2.6883467e-01  -8.4655424e-01  -2.9465348e-01   6.7163921e-01   1.0318858e+00   3.9256106e-01   5.6612886e-01
   2.0000000e+00  -6.9705637e-01   6.2879087e-01  -1.4842391e+00   4.8522985e-01  -1.1953759e+00   1.0119089e-01   8.9654523e-01  -2.1383380e+00   1.7175231e+00   4.8879313e-01
   1.0000000e+00   1.5486240e-01   3.8294914e-01  -5.0211629e-02   2.7915239e-01   6.8132923e-02   1.5816095e+00  -3.0832605e-01   7.9123066e-01   5.2697668e-02  -7.7308749e-01
   2.0000000e+00  -1.7938763e+00   7.1604247e-01  -2.9522133e-01   8.5399807e-01   2.8216675e-01  -8.3986362e-02  -2.1182160e-01  -1.5671993e+00   1.2056147e+00  -1.6694691e-01
   2.0000000e+00  -9.2058585e-02  -4.4381742e-01   2.8927872e+00  -2.5037452e-01   2.4208827e-02   6.8068100e-01  -6.5477447e-01  -1.9845282e+00  -4.2176282e-01   1.1117082e+00
   1.0000000e+00  -4.5655057e-01  -7.2500030e-02   9.7450829e-01   5.4878176e-01   8.5195388e-01   5.2157507e-01   6.3843626e-01   1.2900952e+00  -1.9748778e+00  -7.2929875e-01
   2.0000000e+00  -1.7546186e+00  -1.0247744e-01   8.0081776e-01  -3.0827947e-01   1.0599039e+00  -9.0397335e-01  -2.8119260e-01   1.1387270e+00   6.6685648e-01   8.2183769e-02
   2.0000000e+00  -6.8381236e-01   1.1546768e+00  -3.2342598e-01   1.0676455e+00   2.6649932e-01  -7.8422753e-01   2.1804606e-01   4.3901231e-01   1.9036468e+00   1.7337559e+00
   2.0000000e+00  -9.8916828e-01   9.4273128e-02  -1.2200930e+00   8.2937275e-01   8.4491436e-01  -5.8740060e-02  -6.0813621e-01   1.0429736e+00   1.6115613e+00   9.3162930e-01
   2.0000000e+00   4.5801835e-01  -1.7160618e-01  -8.4213508e-02  -3.7060613e-01  -4.8799972e-01   1.0294599e+00   2.6577084e-01  -3.4221842e-01  -1.9288630e+00   1.3030162e+00
   2.0000000e+00   1.5227004e+00   2.9339064e-01   4.1931579e-01   1.2288217e+00  -1.3673590e+00  -2.7643060e-01  -1.1717025e+00  -8.6641145e-01  -7.8853561e-01   3.7307441e-01
   2.0000000e+00   1.6871455e-01   4.9231236e-01  -1.0974024e-01  -1.7595106e+00  -1.6428001e-01   9.0967289e-02  -3.1618847e-01   9.6069977e-01   1.2379454e+00   1.5454761e+00
   2.0000000e+00  -3.1200140e-01  -3.1741229e-01   5.2310451e-01  -1.4469972e+00  -7.3785437e-01  -1.0782971e+00  -3.0474138e-01   1.2996264e+00  -1.8949033e-01  -2.1733581e-01
   2.0000000e+00   6.0253652e-01   4.6026516e-01  -4.2291667e-02  -3.9506463e-01  -1.6858568e-01   7.6508685e-01   1.0497330e+00   2.1900214e-01  -8.5464051e-02  -1.2993939e+00
   1.0000000e+00  -2.9789297e-01   9.9783183e-01  -5.3487342e-02   1.5741405e-01  -3.8673604e-01  -1.9334423e+00  -1.1044114e+00  -2.4327501e-01   1.9240599e+00   1.4049855e+00
   2.0000000e+00  -1.4503650e+00  -4.1070515e-02   1.0338392e+00  -1.7803175e-01   7.9492144e-01   2.0557294e-01  -8.2318176e-01   2.4459021e-01  -8.6557406e-02  -5.9451950e-01
   2.0000000e+00   4.0809433e-01   2.1350245e-01  -2.4045185e-01   2.5975617e+00  -1.3012902e+00  -3.5372096e-01   2.0077531e-02   1.5838210e+00   1.2357755e-02   3.9168391e-01
   2.0000000e+00  -5.3127316e-01  -2.3984545e-01   1.0068069e+00   9.3022335e-01   4.5608488e-01   7.3928963e-01  -9.6401670e-01   6.8713060e-01   1.1972236e+00   1.4209719e+00
   2.0000000e+00   8.8650143e-01  -7.1678372e-01   3.0370108e-01   2.1337484e+00   1.0293343e-01   5.5817853e-01  -3.9478189e-01   2.1750273e-01   2.7427463e+00   1.4389551e+00
   2.0000000e+00   1.2161030e+00   1.3363583e-01  -5.1180011e-01   8.8257655e-01  -5.5944462e-02   3.9513577e-01  -4.2044323e-01   1.1014074e+00   8.1291870e-01  -1.2277721e+00
   2.0000000e+00  -1.7971160e+00  -5.8372307e-01  -4.1410627e-01  -1.8939306e+00   1.3670363e+00  -1.3550890e+00   8.3224000e-01  -1.4525494e+00  -7.6719761e-04   8.1596062e-01
   2.0000000e+00   4.8083349e-01  -1.0435369e+00   1.3665988e-01   2.2862678e+00  -1.5554719e-01   1.0925120e+00  -5.1097159e-01  -1.7005055e-01   4.4035917e-01   2.7936371e-01
   2.0000000e+00  -5.0199350e-01  -6.9481562e-02   3.5589017e-01   1.3112618e+00   6.2813138e-01   5.8597509e-01  -8.2690521e-01   8.7595398e-01   4.7703902e-01   1.7606424e-01
   2.0000000e+00   3.1381244e-01   7.2550482e-01  -3.6512368e-01   2.2730282e+00   4.9359221e-02   4.7342039e-01  -9.8744868e-01   1.6776071e+00   9.3144315e-01  -1.2621613e+00
   2.0000000e+00   8.0267874e-01  -9.2493539e-01   1.4245790e+00  -2.3173418e-01  -1.7569527e-01  -9.3082937e-01   6.8303372e-01   2.4353428e+00   1.2538123e+00  -4.6689481e-02
   1.0000000e+00   1.8883215e-01  -7.9340764e-01   1.4321907e+00   8.2592344e-01  -2.5258296e-01  -6.4079237e-02  -1.1526119e+00   1.0268460e+00   3.3343835e-01   4.2341302e-01
   2.0000000e+00   5.2186340e-01  -9.0501788e-02  -1.8630116e+00  -8.4923968e-01   4.8670835e-02  -3.2848593e-01  -3.2789610e-01   4.7158123e-01  -9.0323923e-01  -1.1892077e-01
   2.0000000e+00   2.4285285e+00   4.5503984e-01   1.1693895e+00   1.6594717e+00  -7.1040325e-01  -7.8394587e-01  -8.8736517e-01   3.6264109e-01   1.4220087e+00  -9.3000321e-02
   2.0000000e+00   6.0551963e-01  -1.5854090e+00   1.9306961e+00  -1.7421642e-01   1.9197167e+00  -8.8502002e-01  -1.3868796e-01  -3.7984741e-01  -7.4459564e-01   6.0017482e-01
   2.0000000e+00   9.9197223e-01  -1.9970223e+00  -1.4674675e+00  -1.7149865e+00   3.8229747e-01  -7.2748760e-01   1.9467556e+00  -1.1946763e+00   7.2948320e-01   1.5359741e-01
   1.0000000e+00  -5.1813283e-01   6.2312810e-01   1.4022021e+00   1.5562572e-01   4.3498014e-01   3.9215185e-01  -6.9118650e-01  -2.8472417e-01   6.1792041e-01   1.5325606e-01
   2.0000000e+00  -3.2622855e-01  -6.6610995e-02  -3.8118995e-01  -1.4524422e+00  -1.1221085e+00  -1.1174764e+00  -1.1075180e+00   1.2179967e+00  -4.1044880e-01  -2.4331599e-01
   2.0000000e+00   1.3276062e+00  -2.0680849e-01  -1.5618340e-01   6.0584422e-01   1.8830091e-01  -7.7941710e-01   1.4418230e+00  -6.8995152e-01   4.1040679e-01  -3.2417710e-01
   2.0000000e+00   7.8932518e-01   6.3537241e-01  -7.5504317e-01   4.7686433e-01   1.2553281e+00   2.6773669e+00   1.0893152e+00  -2.7413982e-01   4.0022666e-01   2.0426826e+00
   2.0000000e+00   1.9323495e+00   2.2394836e-01   5.0456149e-01  -1.1887769e+00   1.0098848e-01   9.0171958e-01  -3.6181240e-01   9.8651785e-01   6.3051611e-01   1.8166799e+00
   2.0000000e+00  -6.0791434e-01  -9.5454456e-01  -8.7524678e-01  -2.5059819e-01   1.7263835e+00   4.4558966e-01   1.0341428e+00  -1.4270133e+00  -1.0678734e+00  -2.5915224e+00
   2.0000000e+00  -8.5161203e-01  -6.0259149e-01   6.3135081e-01   8.2392372e-01   3.3013657e-01  -6.7337562e-01  -1.0143904e+00   1.3608012e+00  -1.5658856e-01  -1.6897477e+00
   2.0000000e+00   1.0364708e+00  -4.4301617e-02  -9.2242815e-01   7.8179257e-01  -2.3064843e-01   1.5472622e+00   1.7132263e-01   1.2727397e-01  -6.3266902e-02   8.1631649e-01
   2.0000000e+00  -5.2318504e-01   6.1571869e-02   1.0976421e+00  -6.0560272e-01   4.0573422e-01  -2.8885708e+00   8.5438435e-01  -1.0373339e+00   3.5280886e-01   3.4618756e-01
   1.0000000e+00  -4.2822130e-01   3.4459336e-01   1.1449399e+00   6.2850428e-01  -5.7931423e-01   3.7636527e-01  -2.6283624e-01   1.3785384e+00   2.4962965e+00  -9.8418657e-01
   2.0000000e+00  -9.6274620e-01   1.3810096e+00   1.0055052e-01  -1.3294508e+00   1.7272264e-02   2.9083662e-01  -3.9160540e-01   8.6415253e-03   5.1955859e-01  -6.5819447e-01
   2.0000000e+00   1.5199176e+00   3.2699516e-01   1.3297028e-01  -2.2237590e-01  -1.5844271e+00   8.1247608e-01  -2.7021668e-01  -7.1431073e-02   8.6916468e-01   1.9613833e-02
   1.0000000e+00   5.2200520e-01  -3.7756473e-01  -1.7283635e+00   6.7429824e-01  -1.4027315e+00  -2.8451803e-01   1.5055610e+00   8.0606850e-01   9.3475002e-01   6.4649691e-01
   1.0000000e+00  -2.4995585e-01   1.3088801e+00   9.3080196e-01   3.3680065e-01  -1.0094258e+00  -1.2903862e+00  -1.8852720e-01   9.9308546e-02   6.7665009e-01  -4.3245467e-01
   2.0000000e+00  -1.5492147e+00   9.5374419e-01   1.4582004e-01  -1.4922434e+00  -8.5010147e-01   4.3376458e-01  -7.7182549e-01  -1.6032681e+00   2.6337732e+00  -5.9034823e-01
   2.0000000e+00   9.3876184e-01  -2.1776072e+00   1.9571843e+00  -5.3402495e-01  -1.0240493e+00   4.0225401e-01   2.4566937e-01   3.0577226e-01   6.6382878e-02  -2.4710665e+00
   2.0000000e+00  -3.7901994e-01   3.0959748e-01  -3.6438026e-01  -1.7115169e+00   9.3182105e-01  -1.4479278e+00   3.3225714e-01  -6.2913777e-01   7.0554803e-01  -8.0786798e-01
   1.0000000e+00   2.9214780e-01  -6.9269549e-01   1.4498074e-01   6.3644475e-01  -6.3762522e-01  -1.6952551e-01  -1.2381252e+00  -1.8289343e+00  -1.0115284e+00   5.3721074e-01
   2.0000000e+00   1.5415533e+00  -1.0626163e+00   3.2800839e+00  -3.3600226e-01  -2.9025721e+00  -1.3763677e-01  -6.7848326e-01  -1.5415661e-01   1.8377859e-01   6.7453677e-01
   2.0000000e+00   8.7525141e-02  -1.0684974e+00   4.1864751e-01  -1.0556154e-01   1.5810829e-01   1.4165585e+00   1.5720479e+00   6.7875857e-01  -6.8210973e-02  -1.5137294e-01
   2.0000000e+00   1.2565584e+00   9.1640608e-03  -1.2656771e+00   5.3432777e-01   6.4383113e-01   1.2949669e+00   1.2222934e+00  -1.9281631e-01   7.5695257e-01  -3.7445617e-01
   2.0000000e+00   3.4226920e-01  -1.0135173e+00  -7.3235184e-01  -1.1599670e+00  -3.7800803e-01  -2.9098350e+00   2.1106816e+00   6.6327970e-02  -1.1228410e-01   1.2007845e+00
   2.0000000e+00   5.6354939e-01   8.2687258e-01  -8.6934325e-01  -1.7724440e+00   5.0904730e-01  -3.7760297e-01   1.1819273e+00   1.0289997e-01  -1.7093680e+00   1.8791118e+00
   2.0000000e+00  -1.4178972e+00   2.0964515e-01  -1.0456013e+00   8.4324067e-01   8.3894381e-01  -2.0690901e+00   8.8342549e-01  -1.0663335e+00   1.1982703e-01   8.5985420e-01
   2.0000000e+00  -3.0049729e-01  -1.7698647e-01   1.5469776e+00  -6.8529049e-01   7.2118205e-01   3.7400938e-01   1.6649094e+00  -1.0890913e-01   1.1657267e+00   2.1223132e+00
   2.0000000e+00  -2.5737656e-01   1.6859273e-01  -1.0363027e-01   1.9710565e+00   6.9672697e-01   7.5659368e-01  -1.9594714e+00   1.0371028e+00   1.9123020e+00  -9.0606509e-01
   2.0000000e+00  -9.6916365e-01   1.1734225e+00  -4.2387219e-01   1.0493705e+00  -1.5333283e+00   2.0920363e+00  -2.9288794e-01  -1.6244469e-01   7.8346916e-01   8.6286933e-01
   2.0000000e+00  -2.0649499e+00   2.1683271e-01   1.5474573e+00   1.9238486e+00  -1.6615528e+00  -8.3473890e-01  -1.5744406e+00  -3.5879931e-01  -7.1246603e-01  -6.2586196e-01
   2.0000000e+00   1.0721046e+00  -1.6551967e-01   1.1987630e+00  -9.9537695e-01  -2.8057647e-01   2.2622078e+00  -1.1025500e+00   1.3030407e+00   9.1737505e-01  -4.6274869e-01
   2.0000000e+00   4.0139981e-01  -1.5698962e+00  -1.2613749e-02   8.8166068e-01   8.3679285e-01  -3.0897221e-01   8.7460913e-01  -1.4625371e-01   4.6936478e-01   1.0593184e-01
   2.0000000e+00   6.3228530e-01  -7.7120132e-01  -5.9877617e-02   1.1496493e+00   1.3935335e+00   5.7591560e-02  -1.4795239e-01  -8.5413461e-02   9.6105103e-01   5.6603742e-01
   2.0000000e+00   5.0637850e-01  -3.4034886e-01  -4.0002702e-01   1.9102319e+00   7.2210035e-03  -1.0627377e+00   2.8054410e-01  -5.9083163e-01  -3.6661962e-02  -1.1848757e+00
   2.0000000e+00   9.7360252e-01   3.3638664e-02  -9.7436175e-01   3.6801143e-01  -8.5933277e-01   5.5154729e-02   1.3989747e+00  -4.1367031e-01  -1.8661209e-01  -5.9071391e-01
   2.0000000e+00   1.1818385e+00   1.8462675e+00  -5.5512963e-01  -2.7016413e-01  -1.3758251e-01  -1.5407441e-01  -1.3578770e+00  -6.7610372e-01   1.8981582e+00   1.4676471e+00
   2.0000000e+00  -8.5545407e-02   4.7502476e-01  -3.4112675e-01   1.7213268e+00  -8.3037294e-01  -8.1929509e-01  -1.5471280e+00  -1.1399806e-01   5.8041147e-01  -1.2239344e+00
   1.0000000e+00  -5.2096025e-01  -9.0748481e-01   7.5155468e-01   4.6601165e-01  -2.9813703e-01  -2.3540584e+00  -5.6663704e-01  -1.3059618e+00  -1.0391147e+00   2.1890477e-01
   2.0000000e+00  -6.2113603e-01   1.0596271e+00   8.7055747e-02  -6.6690134e-01  -1.0959589e+00   9.1137132e-01   1.0797881e+00  -1.1291125e+00   5.5623958e-01  -2.4411421e+00
   2.0000000e+00  -1.2555759e+00   4.9947863e-01   2.0312870e+00   1.1436824e+00   3.7855577e-01  -1.5888574e+00   1.5026298e+00  -1.8928525e+00  -8.1812680e-01  -8.8318311e-01
   2.0000000e+00   1.2058265e+00  -3.6473464e-01  -3.1767273e-01  -1.8786080e-01   5.6081411e-01  -4.5183044e-01   7.1300027e-01   2.9465387e-01   3.3417038e+00  -4.7738830e-01
   2.0000000e+00   2.1702843e+00   2.4029405e-01  -8.4391274e-01  -1.8099117e+00  -4.8359109e-01  -8.4204132e-02  -3.6334252e-01   6.9152564e-01   1.1002781e+00  -1.9455023e+00
   2.0000000e+00  -1.1593573e+00  -1.1776010e+00   5.9524990e-01  -1.2713216e+00   1.7122438e-01  -6.7929441e-02   1.4290835e+00   1.7909391e-01   2.3163922e+00  -1.5269106e-01
   2.0000000e+00   9.0509364e-01  -1.0329493e+00  -9.3030548e-02   1.1368676e-02  -9.3789374e-01   9.5895145e-01  -6.2183748e-01   6.6315257e-01  -5.3417698e-01  -2.6759198e+00
   2.0000000e+00  -5.3898753e-01  -1.3319524e+00  -6.5657008e-01   2.1382763e+00  -2.0527821e+00  -4.5155006e-01  -5.1912314e-01   2.0302530e+00  -1.3141228e+00   1.2768208e-01
   2.0000000e+00  -1.1292380e+00   5.9243964e-01   1.3305164e+00   7.0230549e-01  -5.9898394e-01  -6.8243399e-01   7.6924896e-01   1.1044255e+00   1.4436083e+00   1.6240177e+00
   1.0000000e+00   1.3461048e-01   1.8681672e-01  -6.6250402e-01   7.3558673e-01  -9.7606905e-02  -7.7925078e-01   1.9845373e+00   9.5392602e-02  -1.2292568e-01  -1.9605608e+00
   1.0000000e+00  -4.7089342e-01  -7.6157987e-01   1.3922458e+00   5.1932255e-02   1.3972297e+00  -1.6202327e+00  -2.3760092e-02  -9.5255614e-01  -5.0732577e-02   2.2790019e-01
   2.0000000e+00   8.5903265e-01  -7.3379347e-01   1.2447275e+00   4.4134524e-01  -5.2539187e-01   1.3160427e+00  -2.9103782e-01   1.1971751e+00  -7.7127358e-02   5.7177523e-01
   2.0000000e+00   1.7368437e+00  -1.6742461e+00  -1.4382408e+00  -8.5048652e-01  -1.4036904e-01  -3.1107072e-01   2.0988824e-01   2.7664603e+00   3.2407871e-01   1.4047348e+00
   1.0000000e+00   3.3800801e-01   1.5133453e-01  -8.8514452e-01   3.7333098e-01  -1.0509358e+00   1.1243380e+00   2.2246529e+00   6.1497758e-01  -1.1448842e+00   6.8606066e-01
   2.0000000e+00  -1.1822084e+00   2.6066149e-01  -4.2283948e-01   1.6926791e+00  -5.0097738e-02   1.2550795e+00  -7.5757164e-01  -1.9398767e+00  -9.5320050e-01   1.0109824e+00
   2.0000000e+00  -1.0445677e+00  -1.3532191e+00   2.1420240e-01   1.2421162e+00   1.3612934e+00   8.3456086e-01   1.6696722e-02  -2.2275813e-01  -1.7900167e+00   1.4404868e+00
   2.0000000e+00  -1.5347622e+00  -1.4913493e-01   6.9520312e-01   5.7955992e-01   9.2449722e-01  -1.5135095e-01   1.4870264e-01   7.7797215e-01  -9.6708411e-01   1.1158939e+00
   2.0000000e+00   5.8363735e-01  -4.4781326e-02  -1.0285624e+00  -1.3736267e+00   1.8746049e-01  -1.6119358e-01   1.6630033e+00   5.3831580e-01  -3.2385141e-01   3.5738428e-01
   1.0000000e+00  -3.1591141e-01   9.3906551e-01  -4.9136209e-01   4.7972893e-01  -1.3567076e-01   6.9465243e-01   1.3479278e-01   9.6208495e-01  -5.9833618e-01  -2.4426500e+00
   2.0000000e+00   2.1734418e-01   1.8249939e-01  -6.1735196e-01   1.0213064e+00   1.5861875e-01   1.9288955e-01  -1.2429587e+00  -3.7791835e-01  -1.9945717e+00  -6.1725723e-01
   2.0000000e+00   1.0379051e+00  -9.3958427e-01   2.5984085e+00   3.3323662e-01   1.1297769e+00  -1.3329894e+00   1.7407369e-01   8.8812686e-01  -5.5791885e-01  -1.8238344e-01
   1.0000000e+00  -1.9504009e-01   2.0515135e+00   1.1154436e+00   5.9385197e-01  -2.3769058e+00   9.1228550e-01   3.8580120e-01   2.4290082e-01   6.1298322e-01  -5.7722109e-01
   1.0000000e+00   2.7678023e-01  -2.6662652e-02   1.1197763e+00   5.0916330e-01   2.5641341e+00  -2.7916741e-01   3.6327997e-02   2.0843647e-01   5.4600638e-01  -1.3459003e+00
   2.0000000e+00   1.9187566e+00   8.7474071e-01   2.2565825e-01  -6.0477364e-02   8.4784845e-01  -1.7945985e+00   9.9392876e-01  -9.2610905e-01  -1.1292840e+00   9.6826256e-01
   2.0000000e+00   1.0939353e+00   1.7735488e+00   6.5271036e-01   3.6320845e-01   7.7295512e-01   1.2608853e+00  -6.2310028e-01  -2.1989156e-01   1.1927293e+00  -1.6421130e+00
   2.0000000e+00   6.9728338e-01  -5.6783582e-01  -2.7690829e-02  -9.1617515e-02   2.6718218e-02  -1.4203062e-01   4.4774366e-01   2.3194629e+00   1.5930311e-01  -1.0087199e+00
   1.0000000e+00   2.1203106e-01   1.3527973e+00  -1.4825156e+00   5.1015852e-01   4.0040117e-01  -6.7872122e-01  -7.2794881e-01  -4.1805637e-01   8.0233367e-01   1.6822265e+00
   2.0000000e+00   8.4431592e-01  -9.2916629e-01   2.5279374e-01  -1.2252903e+00   5.2706105e-02   7.3544199e-01   2.9677532e-01   5.0310825e-01  -4.3282260e-01  -1.5762920e+00
   2.0000000e+00   6.6956235e-01  -3.5551446e-01  -6.5652583e-01   1.0521069e+00  -1.2948399e+00  -3.5890767e-01  -4.5524772e-01   4.4879753e-01   3.3635450e-01   6.8442598e-01
   2.0000000e+00  -1.8894309e+00  -5.0250539e-01   3.5937626e-01   1.0283894e-01  -6.9422490e-01  -4.8041114e-01  -9.0481075e-01   1.0058491e+00   1.7121845e+00  -1.6878710e+00
   2.0000000e+00  -1.1903584e+00  -3.0242930e-01  -1.7723385e-01  -1.7230057e+00   2.5164667e-01   1.0878029e+00   5.5635944e-01  -1.0264568e+00  -8.5190603e-01  -7.3220474e-01
   2.0000000e+00   7.4902595e-01  -6.0259659e-01   2.2641827e+00  -8.4074480e-02   1.1432577e+00   2.8004074e-01  -1.8484454e+00   8.9133810e-02  -9.5494813e-01   3.1841986e-01
   2.0000000e+00   2.3540522e+00  -1.1779900e+00  -6.7761060e-01   5.8670717e-01   1.2858518e+00   6.7669133e-01   5.8104553e-01  -2.0902583e-01  -3.1922209e-01   2.2299511e-01
